9.427895530009999803e-01
8.035602552310000535e-01
7.553244646090000458e-01
7.482986453540000360e-01
7.481390163950000227e-01
8.056517714630000437e-01
1.047011418679999917e+00
1.358527411729999912e+00
1.321667560479999892e+00
1.138837528340000071e+00
1.174737098720000095e+00
1.157014569710000051e+00
1.122535061600000050e+00
1.076300825009999906e+00
1.060455342050000027e+00
1.146954169970000104e+00
1.411651741760000078e+00
1.937987096539999898e+00
2.249760455310000129e+00
2.214352129039999895e+00
2.065051714330000010e+00
1.897299660370000085e+00
1.576550155260000086e+00
1.260908594970000074e+00
9.363822785969999618e-01
8.109345922470000412e-01
7.662104845520000262e-01
7.566870467049999771e-01
7.575192832820000222e-01
8.075284476520000476e-01
1.026902731969999927e+00
1.325054206299999926e+00
1.271086526309999964e+00
1.094356563530000104e+00
1.117525543509999997e+00
1.104000626079999936e+00
1.074309647390000011e+00
1.041639873310000075e+00
1.022908598489999932e+00
1.102749213060000066e+00
1.371054584939999987e+00
1.886914002719999983e+00
2.203180355130000212e+00
2.160718527669999833e+00
2.011609615189999811e+00
1.841677382559999909e+00
1.524518324510000022e+00
1.223411992039999951e+00
9.158156428970000151e-01
7.957535944289999552e-01
7.510095008789999804e-01
7.482378871179999891e-01
7.350022294429999770e-01
7.878456642229999529e-01
1.001619930359999966e+00
1.321863967969999942e+00
1.260269595570000067e+00
1.076467512080000022e+00
1.066984614299999912e+00
1.033204476249999892e+00
1.006872673649999994e+00
9.618474717480000047e-01
9.620132333309999728e-01
1.056996844669999991e+00
1.332849308229999918e+00
1.853873653479999994e+00
2.174129373660000031e+00
2.134723924449999810e+00
1.984582563870000094e+00
1.815459125919999916e+00
1.503661885649999919e+00
1.199243227039999971e+00
8.954363724899999655e-01
7.681071829540000451e-01
7.211894851360000080e-01
7.132169020480000343e-01
7.104474856739999566e-01
7.609451826919999551e-01
9.765530659340000419e-01
1.303589681510000098e+00
1.227514601550000028e+00
1.027844321179999909e+00
1.040141014940000108e+00
1.005472655319999964e+00
9.879803410459999657e-01
9.485759518070000507e-01
9.473933336480000467e-01
1.040961739999999969e+00
1.322342154950000070e+00
1.843412600489999997e+00
2.188279646009999801e+00
2.130206810199999801e+00
1.976468400429999939e+00
1.807283620239999999e+00
1.487451554229999973e+00
1.180408848599999949e+00
8.767817501239999478e-01
7.560170443849999478e-01
7.100771913190000451e-01
6.978582829670000320e-01
6.961536412729999457e-01
7.440249862219999732e-01
9.756812931099999586e-01
1.289765132539999914e+00
1.213044460050000106e+00
1.000998520090000010e+00
9.947252046229999589e-01
9.793380519859999911e-01
9.481766249140000102e-01
9.161208150130000227e-01
9.212256746600000490e-01
1.011687748519999985e+00
1.297505772550000103e+00
1.822625256220000045e+00
2.148415056370000187e+00
2.118304286269999892e+00
1.968848034549999904e+00
1.808522460809999899e+00
1.503130151539999959e+00
1.196135478279999997e+00
8.903102993839999701e-01
7.714814512119999579e-01
7.275056903240000317e-01
7.193848640190000365e-01
7.228803777269999786e-01
7.784464393169999719e-01
1.016076601169999982e+00
1.321832317209999941e+00
1.247483221630000028e+00
1.038217207340000003e+00
1.031614974390000050e+00
9.999540574209999644e-01
9.617346237170000256e-01
9.284938511089999569e-01
9.323901263689999830e-01
1.037119261590000008e+00
1.317772944269999913e+00
1.852337364690000099e+00
2.178953812020000047e+00
2.148933281280000163e+00
2.001946989739999960e+00
1.841429288370000084e+00
1.530009936189999920e+00
1.224430362719999943e+00
9.271367158429999478e-01
8.067746053700000086e-01
7.594830177400000437e-01
7.541744468429999460e-01
7.533348537530000222e-01
8.099835973360000052e-01
1.033315211799999966e+00
1.371784084530000003e+00
1.310924780819999969e+00
1.122029825610000087e+00
1.119500708009999901e+00
1.089799400770000037e+00
1.054710641520000047e+00
1.028287260869999997e+00
1.026986281919999966e+00
1.115769936610000013e+00
1.390598732910000024e+00
1.910338831670000070e+00
2.232097334050000104e+00
2.197374667630000111e+00
2.044639494330000140e+00
1.875568457480000006e+00
1.553647501069999937e+00
1.232611474770000104e+00
9.258060848079999738e-01
7.993444792899999651e-01
7.543190430830000182e-01
7.434293109549999778e-01
7.375728518240000087e-01
7.943425346519999986e-01
1.029099910330000034e+00
1.341152778869999951e+00
1.290811855230000083e+00
1.110435458820000054e+00
1.134218297020000099e+00
1.128044721129999983e+00
1.093329457699999896e+00
1.062016165329999984e+00
1.059938328659999929e+00
1.135693292040000024e+00
1.397948211030000110e+00
1.920260037050000035e+00
2.231792726250000136e+00
2.188434078069999789e+00
2.032957795310000204e+00
1.865562838880000074e+00
1.544230756149999939e+00
1.222770278680000100e+00
9.001523094000000169e-01
7.809528932570000137e-01
7.342136000650000272e-01
7.227818889079999920e-01
7.203589579269999987e-01
7.734357899789999768e-01
9.895950654530000223e-01
1.316630475730000027e+00
1.236574131880000094e+00
1.031782615630000066e+00
1.027587684880000074e+00
1.002430423090000078e+00
9.644265183119999918e-01
9.355379658319999958e-01
9.392136117220000191e-01
1.039739985920000054e+00
1.318633150599999970e+00
1.843788037699999993e+00
2.167922788659999878e+00
2.137460805909999983e+00
1.989128335920000046e+00
1.823031909460000044e+00
1.511623956320000017e+00
1.213430544499999986e+00
9.023965097859999451e-01
7.794265004220000126e-01
7.339627418490000110e-01
7.254918276449999759e-01
7.224334760380000109e-01
7.729078657379999662e-01
9.875837343300000182e-01
1.314447805259999935e+00
1.248119942119999992e+00
1.037660517089999956e+00
1.028420789409999925e+00
9.960973066960000510e-01
9.635192590200000184e-01
9.329072605179999922e-01
9.421312961459999968e-01
1.037437876939999892e+00
1.323115800290000088e+00
1.853661173649999938e+00
2.176876557699999992e+00
2.145611747069999797e+00
1.996468250209999962e+00
1.832075060330000005e+00
1.524054931760000065e+00
1.217241836069999916e+00
9.108489253239999695e-01
7.853314623339999745e-01
7.412996805960000435e-01
7.291038912980000175e-01
7.265816124230000117e-01
7.789338730139999667e-01
9.919768976670000349e-01
1.322793748770000111e+00
1.261926953599999957e+00
1.067718230669999935e+00
1.093068031080000058e+00
1.084191955699999932e+00
1.047277883610000071e+00
1.031282173059999918e+00
1.010955543089999908e+00
1.091784434530000070e+00
1.359621219529999925e+00
1.881109131149999891e+00
2.198418331370000089e+00
2.160953899969999981e+00
2.009598084819999908e+00
1.844151164409999932e+00
1.530786000410000014e+00
1.227590896239999951e+00
9.243797173750000207e-01
8.032956836829999725e-01
7.572004697969999532e-01
7.468388339070000104e-01
7.446709939569999825e-01
7.983037690509999784e-01
1.014654450219999893e+00
1.343502332409999944e+00
1.286651697699999986e+00
1.105107885680000068e+00
1.126668397180000003e+00
1.113057353989999942e+00
1.090635155880000040e+00
1.066349825779999927e+00
1.049845564299999978e+00
1.129289230399999955e+00
1.389909758800000006e+00
1.905342158470000102e+00
2.214591548330000048e+00
2.172364165109999856e+00
2.017415717550000043e+00
1.848330014859999926e+00
1.533977335039999890e+00
1.224193115000000054e+00
9.167823817050000379e-01
7.951706408480000432e-01
7.492013825550000172e-01
7.392167403430000006e-01
7.363661266259999838e-01
7.886619802819999636e-01
1.004085674950000007e+00
1.333070450309999933e+00
1.274737231830000095e+00
1.092745389709999904e+00
1.116233897080000093e+00
1.105024400470000057e+00
1.080667984810000037e+00
1.054100887119999941e+00
1.031840925300000045e+00
1.109165249139999920e+00
1.373614934749999961e+00
1.890412206169999942e+00
2.201388242010000162e+00
2.160311927329999993e+00
2.006245959160000147e+00
1.838512697469999901e+00
1.525042705099999951e+00
1.217532821630000095e+00
9.180732202700000455e-01
7.946478587840000163e-01
7.491853552139999817e-01
7.393383816080000281e-01
7.422837693129999970e-01
7.979896238510000295e-01
1.021224943750000058e+00
1.362136729840000005e+00
1.310580671829999932e+00
1.149011831709999987e+00
1.148716821370000085e+00
1.202107504350000022e+00
1.153405362740000051e+00
1.120658055610000092e+00
1.117445909039999963e+00
1.188894870269999959e+00
1.449895741329999987e+00
1.962308557899999917e+00
2.265749628930000092e+00
2.220515387279999864e+00
2.061679670939999820e+00
1.890574016950000047e+00
1.570358222699999917e+00
1.251807217010000084e+00
9.393248876509999734e-01
8.189796541970000288e-01
7.771277372689999741e-01
7.724833079930000235e-01
7.745426308089999878e-01
8.242342471079999733e-01
1.076367381240000087e+00
1.387821468460000096e+00
1.331552588010000093e+00
1.159809766710000023e+00
1.190908179890000085e+00
1.177098024800000031e+00
1.146649604720000104e+00
1.121826610979999916e+00
1.125223747159999954e+00
1.185897757290000021e+00
1.457669727379999891e+00
1.976108800300000023e+00
2.279639829430000209e+00
2.237599577410000151e+00
2.084764663640000126e+00
1.926940245029999943e+00
1.603466333270000099e+00
1.283077258630000106e+00
9.636249087289999737e-01
8.449694532079999876e-01
7.984467573219999892e-01
7.866012157320000364e-01
7.837773658879999550e-01
8.363637238100000149e-01
1.051875212969999973e+00
1.381695521209999944e+00
1.315123675840000006e+00
1.130091264820000108e+00
1.152532864000000101e+00
1.135307284520000071e+00
1.108645672309999997e+00
1.089112616910000053e+00
1.084707224059999975e+00
1.170639040399999997e+00
1.451099572640000002e+00
1.988447513019999890e+00
2.294242901200000073e+00
2.250679959370000205e+00
2.089271591949999785e+00
1.927785518230000106e+00
1.623339373469999902e+00
1.310674610059999967e+00
1.011547542540000011e+00
9.013247652310000246e-01
8.554035985100000294e-01
8.457309554890000136e-01
8.297111986039999998e-01
8.752274256319999557e-01
1.091802588149999975e+00
1.424214590140000070e+00
1.348191358690000063e+00
1.161034233559999906e+00
1.177537869880000088e+00
1.159619150139999944e+00
1.143412744109999934e+00
1.119438518089999945e+00
1.104111554079999946e+00
1.173594455449999963e+00
1.439964164610000097e+00
1.966711498850000073e+00
2.275179569770000132e+00
2.245086713460000105e+00
2.086351639600000141e+00
1.916033031180000012e+00
1.600953057269999924e+00
1.292547841900000050e+00
9.809174489090000115e-01
8.523215669779999892e-01
8.040299712620000427e-01
7.885042969329999485e-01
7.788900148339999996e-01
8.296962159670000503e-01
1.060722508660000063e+00
1.358707068730000023e+00
1.304443050169999951e+00
1.124153938939999930e+00
1.144748213079999966e+00
1.128112812539999954e+00
1.104803843970000088e+00
1.077050208439999990e+00
1.060316244270000041e+00
1.136106804930000047e+00
1.398525340620000001e+00
1.913195055449999904e+00
2.221377170899999864e+00
2.177954128380000132e+00
2.022298023529999877e+00
1.853051344909999898e+00
1.537604840560000019e+00
1.227153405419999954e+00
9.208174188279999450e-01
7.945028075079999530e-01
7.470432865980000114e-01
7.376302759809999499e-01
7.325348878849999856e-01
7.789255232990000000e-01
9.957899930410000211e-01
1.327200060560000061e+00
1.271818841950000056e+00
1.093284866210000095e+00
1.118227580219999906e+00
1.106722713469999952e+00
1.085807564690000060e+00
1.062062034760000051e+00
1.064580223040000106e+00
1.138781757080000068e+00
1.405015699540000051e+00
1.927068517659999980e+00
2.233590983160000043e+00
2.189552355160000019e+00
2.031575862379999986e+00
1.860950596779999966e+00
1.545177980130000073e+00
1.236139947729999911e+00
9.322673080569999771e-01
8.160728623699999851e-01
7.773286014360000218e-01
7.752251136469999748e-01
7.722402188779999843e-01
8.306533853590000183e-01
1.046729211760000000e+00
1.362021186330000022e+00
1.313020271889999924e+00
1.132533390050000088e+00
1.157610482379999972e+00
1.141076245879999895e+00
1.121932346629999966e+00
1.089398719969999929e+00
1.064651467830000087e+00
1.137000442399999978e+00
1.403823825259999936e+00
1.919963698549999931e+00
2.230820497739999908e+00
2.197603431590000156e+00
2.045136374959999781e+00
1.863686183390000028e+00
1.549478087450000041e+00
1.236959776229999974e+00
9.339216147819999758e-01
7.982180721810000490e-01
7.521406131200000234e-01
7.389770753250000102e-01
7.326400545440000522e-01
7.855552228850000152e-01
1.004828275349999966e+00
1.342425198299999956e+00
1.288166028850000089e+00
1.123821325350000011e+00
1.147275101800000030e+00
1.170448213310000041e+00
1.123871076569999961e+00
1.095290993199999896e+00
1.085799971599999969e+00
1.162138041640000008e+00
1.420338400139999901e+00
1.930424218740000031e+00
2.238772084689999886e+00
2.195004845100000157e+00
2.036016153859999900e+00
1.868186504799999925e+00
1.546155043610000002e+00
1.224135317650000054e+00
9.082395445730000461e-01
7.853232850410000188e-01
7.348352847719999970e-01
7.225041658190000105e-01
7.214124821740000026e-01
7.744435540240000027e-01
9.953513112720000500e-01
1.317490628200000069e+00
1.284224091680000068e+00
1.118575804150000019e+00
1.116187979360000027e+00
1.131281989120000109e+00
1.109233146930000080e+00
1.047388497320000056e+00
1.030841678340000067e+00
1.109287811760000020e+00
1.388081482969999891e+00
1.920554075429999896e+00
2.241529895909999848e+00
2.214283529909999881e+00
2.069646088359999858e+00
1.900106784419999917e+00
1.578315104609999908e+00
1.256860178719999999e+00
9.326494693560000160e-01
8.101111711409999527e-01
7.629964551889999447e-01
7.571526154690000343e-01
7.540148497099999902e-01
8.044770278159999455e-01
1.022306300309999916e+00
1.350590247149999978e+00
1.268036090190000076e+00
1.067152988069999919e+00
1.099585332390000003e+00
1.084411472580000035e+00
1.067671065439999900e+00
1.029587557219999949e+00
1.011957070580000062e+00
1.086134494489999991e+00
1.358595133519999942e+00
1.873766536970000063e+00
2.197281666179999871e+00
2.161352753210000088e+00
2.011934266809999983e+00
1.844050284119999938e+00
1.527419967269999956e+00
1.214340705479999949e+00
9.091406598000000283e-01
7.855108020440000338e-01
7.374056968390000355e-01
7.268822410309999649e-01
7.249590987080000160e-01
7.778430461180000366e-01
1.008247550369999912e+00
1.312830773009999952e+00
1.248415405680000090e+00
1.057298898750000049e+00
1.092366661780000081e+00
1.044617468210000011e+00
1.024905066909999940e+00
1.012600279619999988e+00
9.972948044299999593e-01
1.080726800799999943e+00
1.352049942310000086e+00
1.869483709600000099e+00
2.189625734269999846e+00
2.154232197109999802e+00
2.008501623499999944e+00
1.844457176980000002e+00
1.532752343190000088e+00
1.225612004260000054e+00
9.197241037419999765e-01
7.985126352660000260e-01
7.531841794219999997e-01
7.445071683949999741e-01
7.422413726209999840e-01
7.920521279750000199e-01
1.005822750179999892e+00
1.330720392919999995e+00
1.254974504550000036e+00
1.075159009729999893e+00
1.099742976319999954e+00
1.085706307119999936e+00
1.029402001370000042e+00
9.867837032059999514e-01
9.820872423509999782e-01
1.061370952289999892e+00
1.333681086449999942e+00
1.858024237890000041e+00
2.176017503350000215e+00
2.144611151789999948e+00
2.005920098049999822e+00
1.843644636610000109e+00
1.538373829079999977e+00
1.235301425709999901e+00
9.295801109319999922e-01
8.155312571030000068e-01
7.739728589440000306e-01
7.622423702570000348e-01
7.655663072830000138e-01
8.196847224000000098e-01
1.054114016610000037e+00
1.349272280759999942e+00
1.279273147150000067e+00
1.104596418330000107e+00
1.096846606850000017e+00
1.055174602169999920e+00
1.043737491059999911e+00
9.990148303950000530e-01
9.979143698450000377e-01
1.085554552739999901e+00
1.362985375929999909e+00
1.892069265700000003e+00
2.211769818930000131e+00
2.175870188359999791e+00
2.028024423869999815e+00
1.864972105779999945e+00
1.553023600409999982e+00
1.245190031179999934e+00
9.374148102720000209e-01
8.140538466169999765e-01
7.680232761230000316e-01
7.611096182640000318e-01
7.571189125820000365e-01
8.089357222509999668e-01
1.023682203769999965e+00
1.349734678019999912e+00
1.271132550259999938e+00
1.096020299299999889e+00
1.126876335850000022e+00
1.151479608260000065e+00
1.104647484470000052e+00
1.075331245289999904e+00
1.054952801630000048e+00
1.133386038570000087e+00
1.398555929890000105e+00
1.924260232319999986e+00
2.232381964980000078e+00
2.190986834029999830e+00
2.038014444039999873e+00
1.871439473819999977e+00
1.558265510480000060e+00
1.251168815370000020e+00
9.518893638690000270e-01
8.275657929809999702e-01
7.822129578550000018e-01
7.699540577650000328e-01
7.676794300810000360e-01
8.211386817029999730e-01
1.042701615389999947e+00
1.380744900490000093e+00
1.313482100519999918e+00
1.155295204660000019e+00
1.192212596090000076e+00
1.218843295439999919e+00
1.159915344649999902e+00
1.127174186710000026e+00
1.101071622749999923e+00
1.167832415349999930e+00
1.446082715269999985e+00
1.976541554860000049e+00
2.297271748760000065e+00
2.267197954469999832e+00
2.107084173410000094e+00
1.947186235790000053e+00
1.644481020910000035e+00
1.325145254139999951e+00
1.005473472130000046e+00
8.680261775680000458e-01
8.130678052719999549e-01
7.935576751580000199e-01
8.008663104130000487e-01
8.531974402799999968e-01
1.086089971250000064e+00
1.386557212140000050e+00
1.327901969710000074e+00
1.155570558349999999e+00
1.183588732170000046e+00
1.170703487239999951e+00
1.140711342869999978e+00
1.109275128309999969e+00
1.101312427060000099e+00
1.166525745920000023e+00
1.429196171330000098e+00
1.942801688599999910e+00
2.255284430170000132e+00
2.218877717629999857e+00
2.072552604060000192e+00
1.906156676109999948e+00
1.574706366440000060e+00
1.253587798959999944e+00
9.394213905199999548e-01
8.104315998700000190e-01
7.647001247250000411e-01
7.617934551080000061e-01
7.673763182430000107e-01
8.244257511360000290e-01
1.073373240430000042e+00
1.369640949839999955e+00
1.316573133619999947e+00
1.131501489659999971e+00
1.146327694760000071e+00
1.129559034569999953e+00
1.067784614150000033e+00
1.052459077840000035e+00
1.027473587050000026e+00
1.091956820080000057e+00
1.358544185029999962e+00
1.880186797559999956e+00
2.188106086659999949e+00
2.145135623059999830e+00
1.991439816249999994e+00
1.826353675080000016e+00
1.524666172599999925e+00
1.211510718360000016e+00
9.021274573690000187e-01
7.790879630699999447e-01
7.338938633589999760e-01
7.170163822299999712e-01
7.140474490260000362e-01
7.648651205180000412e-01
9.804640768969999920e-01
1.303587833749999980e+00
1.225252250650000096e+00
1.046743802069999951e+00
1.069169652990000108e+00
1.092700716740000022e+00
1.045981096380000031e+00
1.016982045300000026e+00
9.989547332929999968e-01
1.072099763039999987e+00
1.344155943410000109e+00
1.863958707389999914e+00
2.186508630030000067e+00
2.152754928399999823e+00
2.005351501489999855e+00
1.838632988929999934e+00
1.522916203409999891e+00
1.213786581279999943e+00
9.013072012280000100e-01
7.771960979230000399e-01
7.233498780570000175e-01
7.077097433590000541e-01
7.026597086650000490e-01
7.627970606220000338e-01
9.530039866770000367e-01
1.245054174090000076e+00
1.161985955180000030e+00
1.005025599020000104e+00
1.010260138370000060e+00
9.813464747839999447e-01
9.660014143670000442e-01
9.215371323140000293e-01
9.123547044569999542e-01
9.730210767089999546e-01
1.189957942840000005e+00
1.624165458530000050e+00
1.952834066200000107e+00
2.071687019240000094e+00
1.997596020760000091e+00
1.820228220650000006e+00
1.506537449669999917e+00
1.208452781569999912e+00
8.976301900040000170e-01
7.791204986290000134e-01
7.302416068610000366e-01
7.271979883400000455e-01
7.238590683690000471e-01
7.823659487209999597e-01
9.709670002169999981e-01
1.250739659740000009e+00
1.165076992379999954e+00
9.895778881569999852e-01
9.825333498489999817e-01
9.747732907430000093e-01
9.389880181070000553e-01
8.972403141839999652e-01
9.028415322420000333e-01
9.610929180070000299e-01
1.184233312419999962e+00
1.626387938779999986e+00
1.951813711880000080e+00
2.072962956100000032e+00
1.999957264500000109e+00
1.825027877969999990e+00
1.503093373980000091e+00
1.205763750530000067e+00
8.961170523949999467e-01
7.824443615970000376e-01
7.356848114620000434e-01
7.234142866110000458e-01
7.257578767090000493e-01
7.868776968720000431e-01
9.782975362570000000e-01
1.270137712589999968e+00
1.178451009870000066e+00
1.020577488610000083e+00
1.005285801140000101e+00
1.006893181199999932e+00
9.941098066329999705e-01
9.607391629520000143e-01
9.626519014069999658e-01
1.021025300260000046e+00
1.249578078130000103e+00
1.676789037030000040e+00
1.988019189290000099e+00
2.097554464359999926e+00
2.018221537600000115e+00
1.843929198000000103e+00
1.527505485340000080e+00
1.231540003479999923e+00
9.275934614919999488e-01
8.099225576590000086e-01
7.608400376580000124e-01
7.550336747850000529e-01
7.533012100860000393e-01
8.173248136590000046e-01
1.013110671990000045e+00
1.316538191920000100e+00
1.240348674590000089e+00
1.099999708879999982e+00
1.134655398850000108e+00
1.093650580810000106e+00
1.062412157180000039e+00
1.029654550809999902e+00
1.024393630819999901e+00
1.078202820520000049e+00
1.282368967520000069e+00
1.719637334419999997e+00
2.030083054089999894e+00
2.140783940429999976e+00
2.061117462219999918e+00
1.882262129489999936e+00
1.557734535440000068e+00
1.244336206270000078e+00
9.226197721119999695e-01
7.984188212449999655e-01
7.465756702729999805e-01
7.351047230230000062e-01
7.375952372380000233e-01
8.010986913640000262e-01
9.972319416660000435e-01
1.302117354069999955e+00
1.219611656959999957e+00
1.067284754829999960e+00
1.085742891510000030e+00
1.047335301199999957e+00
9.969925538010000476e-01
9.698646840519999923e-01
9.584800708670000446e-01
1.013061813890000051e+00
1.233888064040000065e+00
1.676920360340000027e+00
2.004058424130000127e+00
2.127969635389999947e+00
2.058177133760000110e+00
1.886285541719999959e+00
1.559912562949999915e+00
1.247414448770000073e+00
9.200154815540000364e-01
8.043088698139999604e-01
7.545391822989999664e-01
7.472159305129999485e-01
7.476250602880000207e-01
8.133483313739999776e-01
1.022048389889999909e+00
1.303960734339999927e+00
1.199996291149999950e+00
1.019955888419999956e+00
1.026098132180000011e+00
9.858248466769999885e-01
9.458844509420000213e-01
9.091033276740000391e-01
9.086195133569999749e-01
9.695798710630000317e-01
1.198256535879999918e+00
1.652123898549999970e+00
1.972862516880000028e+00
2.092398359879999781e+00
2.021984333519999844e+00
1.849207305490000008e+00
1.533847687560000006e+00
1.239232671199999913e+00
9.287031831159999751e-01
8.115547939370000297e-01
7.653045460840000036e-01
7.605202449279999666e-01
7.605150039350000446e-01
8.221832232889999537e-01
1.013512739849999900e+00
1.289215328210000067e+00
1.202857029280000045e+00
1.047805182250000078e+00
1.079885788239999922e+00
1.049133601220000100e+00
1.020729691020000107e+00
9.962570611490000339e-01
9.944386662969999513e-01
1.039698148050000048e+00
1.250290825900000069e+00
1.691610085230000005e+00
2.007101095329999918e+00
2.119607371799999918e+00
2.046341312510000066e+00
1.865721845119999944e+00
1.545733026319999981e+00
1.249122704269999939e+00
9.337840029139999887e-01
8.174822611950000040e-01
7.696677987279999522e-01
7.601286874929999993e-01
7.543089792349999545e-01
8.137114163480000384e-01
1.002192035760000044e+00
1.281428646119999959e+00
1.210050994790000001e+00
1.041638391960000076e+00
1.066501324489999902e+00
1.049793199170000024e+00
1.026271203140000088e+00
9.917467249910000282e-01
9.935775144320000418e-01
1.041834336259999994e+00
1.251225028549999951e+00
1.684821348280000075e+00
1.996014871439999894e+00
2.110623549030000046e+00
2.032678026650000191e+00
1.851748701340000025e+00
1.536026893080000066e+00
1.234038098569999908e+00
9.204842980809999631e-01
8.043041073350000181e-01
7.565991581559999846e-01
7.489934312649999537e-01
7.479946389430000009e-01
8.108969653630000440e-01
1.001800647320000071e+00
1.276134797629999929e+00
1.186253203199999939e+00
1.005571947850000036e+00
1.005385444080000079e+00
9.942265602199999996e-01
9.456075272699999701e-01
9.118474756100000134e-01
9.094436241819999767e-01
9.695857940209999803e-01
1.193937097140000070e+00
1.638249096870000088e+00
1.964000419830000066e+00
2.082510301850000189e+00
2.009287168220000197e+00
1.832905531960000056e+00
1.518839340630000034e+00
1.220807149050000096e+00
9.099735085240000521e-01
7.942004561650000127e-01
7.508147291479999597e-01
7.456508775500000352e-01
7.511421947940000177e-01
8.100809434489999461e-01
1.000380507700000088e+00
1.293309928950000076e+00
1.185447560859999916e+00
1.004667018639999965e+00
1.003226649489999955e+00
9.717051721139999820e-01
9.349135962779999698e-01
9.001124139260000545e-01
9.090820979839999705e-01
9.718323248439999507e-01
1.186761379860000076e+00
1.634287065509999914e+00
1.959905963760000036e+00
2.079187196449999941e+00
2.009767541250000011e+00
1.840568420779999936e+00
1.527453756789999950e+00
1.231477226630000033e+00
9.269065891079999453e-01
8.066435061250000205e-01
7.636680933680000116e-01
7.520167489869999944e-01
7.535434318829999922e-01
8.136030814350000417e-01
1.009348068610000038e+00
1.298796902070000092e+00
1.217185967470000074e+00
1.052772380740000013e+00
1.054512260050000094e+00
1.022826672659999936e+00
9.819114141920000094e-01
9.421784965380000099e-01
9.349797700399999911e-01
9.947867103840000169e-01
1.213251492169999946e+00
1.658756466640000093e+00
1.984274374660000007e+00
2.103945325549999801e+00
2.036015007350000072e+00
1.863742999300000092e+00
1.540054242549999897e+00
1.229545027969999982e+00
9.142128001649999502e-01
7.916155844300000188e-01
7.427092323499999704e-01
7.345193483690000136e-01
7.379830318619999829e-01
7.996448514980000200e-01
9.964956098180000055e-01
1.285976173179999904e+00
1.208363339789999991e+00
1.047402698460000003e+00
1.043365470899999981e+00
1.016084129900000077e+00
9.726823021930000035e-01
9.331727641660000350e-01
9.274107669910000018e-01
9.863793288179999452e-01
1.206812536339999964e+00
1.652822145390000053e+00
1.980029634279999895e+00
2.100921841359999931e+00
2.024962650760000038e+00
1.854186177769999944e+00
1.529911676300000023e+00
1.217427810580000047e+00
8.905656126409999818e-01
7.734239096910000555e-01
7.263719984030000409e-01
7.182847498790000396e-01
7.118637466049999585e-01
7.779782551920000344e-01
9.652742898999999710e-01
1.247960286909999938e+00
1.176576574400000075e+00
1.020941805050000095e+00
1.041534209579999981e+00
1.027154808179999934e+00
1.007588238409999892e+00
9.841402331290000083e-01
9.849214124780000246e-01
1.038202485350000037e+00
1.246508354419999964e+00
1.676009575009999919e+00
1.991272940440000028e+00
2.101033105730000017e+00
2.022182764550000122e+00
1.841391719550000028e+00
1.519833123620000004e+00
1.217813253000000095e+00
9.044860916879999824e-01
7.850386348460000052e-01
7.358538505360000537e-01
7.259567039980000525e-01
7.240047079160000232e-01
7.841283886430000516e-01
9.731785134239999691e-01
1.270216894840000110e+00
1.188903985739999891e+00
1.037808153549999890e+00
1.056962445519999960e+00
1.047976977140000043e+00
1.026459186419999892e+00
1.003294156059999942e+00
1.003904720470000012e+00
1.051398802030000024e+00
1.251532066090000006e+00
1.680568169140000068e+00
1.993968154330000075e+00
2.108475708459999876e+00
2.027445260189999932e+00
1.850844489660000036e+00
1.530491017739999959e+00
1.229060538799999991e+00
9.156822088410000449e-01
7.943414749080000004e-01
7.478184007999999494e-01
7.367642025609999479e-01
7.367964295810000008e-01
8.001348441050000204e-01
9.942083803510000095e-01
1.277694222660000101e+00
1.198686371810000040e+00
1.021786421290000080e+00
1.004812313029999959e+00
9.772812911999999574e-01
9.445247644659999775e-01
9.071572962310000543e-01
9.112973876379999449e-01
9.780772411329999860e-01
1.186588857700000110e+00
1.614686439910000049e+00
1.939040655009999892e+00
2.052513563739999825e+00
1.973662538069999917e+00
1.794061382630000034e+00
1.472731293170000066e+00
1.176808693459999944e+00
8.689563663329999965e-01
7.478801212710000090e-01
7.017063809920000006e-01
6.954218904190000439e-01
6.911632723089999875e-01
7.485419810850000299e-01
9.542308110270000254e-01
1.230708031590000084e+00
1.175579923039999919e+00
1.030474281480000087e+00
1.025126783509999973e+00
1.046336881050000001e+00
1.029481515010000070e+00
1.004979355369999938e+00
9.973849316970000434e-01
1.038785289700000058e+00
1.241594321910000076e+00
1.669846400960000032e+00
1.985769057950000027e+00
2.094949591049999782e+00
2.013881256699999955e+00
1.834399094619999948e+00
1.513724609150000067e+00
1.209526734880000065e+00
8.970094740820000467e-01
7.823251384499999572e-01
7.363113622260000213e-01
7.250226597319999744e-01
7.207940345200000154e-01
7.795156281299999712e-01
9.652519072670000533e-01
1.247069411070000022e+00
1.156856237139999966e+00
9.998080394620000311e-01
1.010665356859999919e+00
9.861066929109999490e-01
9.556505255470000293e-01
9.255309611090000166e-01
9.191172963629999915e-01
9.834965080649999969e-01
1.201192764189999984e+00
1.634884783309999978e+00
1.957208962419999976e+00
2.072270932699999957e+00
2.000032477760000038e+00
1.823691826899999979e+00
1.506029306869999917e+00
1.206052536649999896e+00
9.046046920300000460e-01
7.864798634959999646e-01
7.357226078209999631e-01
7.245467737359999605e-01
7.244725417530000211e-01
7.861012090190000468e-01
9.814970727159999520e-01
1.271290630630000029e+00
1.216135795010000020e+00
1.074127206250000022e+00
1.100280813969999993e+00
1.093764321869999945e+00
1.068540947050000023e+00
1.041648382970000064e+00
1.040324729509999990e+00
1.084905594989999944e+00
1.289439077519999977e+00
1.716923265339999949e+00
2.030311954270000108e+00
2.147526608340000198e+00
2.062941628629999968e+00
1.891631641340000058e+00
1.562010035489999948e+00
1.248485554339999970e+00
9.269067422560000047e-01
8.047193422659999484e-01
7.613395386729999714e-01
7.521785083280000395e-01
7.487853212730000152e-01
8.110775981619999797e-01
1.005679364759999972e+00
1.291812713659999945e+00
1.216462611080000089e+00
1.045617990740000058e+00
1.046048710670000048e+00
1.019555350919999936e+00
9.931129236019999862e-01
9.602567448300000086e-01
9.630508370260000284e-01
1.017762080740000075e+00
1.227815074330000034e+00
1.656503608830000029e+00
1.978681785390000059e+00
2.092925191740000024e+00
2.018729630680000220e+00
1.842192312519999930e+00
1.515471485389999984e+00
1.205964455930000012e+00
8.798738153349999758e-01
7.595327577149999509e-01
7.158401810869999826e-01
7.077845025750000296e-01
7.099802665909999977e-01
7.717879577659999546e-01
9.654314395630000378e-01
1.246592594250000019e+00
1.178993659759999924e+00
1.031824285959999976e+00
1.042181837820000068e+00
1.043267252739999984e+00
1.023637758460000047e+00
9.956133311710000378e-01
9.950223084310000354e-01
1.048747793720000043e+00
1.252328635570000070e+00
1.645989442789999924e+00
1.996696426800000035e+00
2.090001701169999837e+00
2.004490246810000098e+00
1.828401227410000107e+00
1.497949525989999975e+00
1.195973203499999915e+00
8.809362281379999882e-01
7.583751008410000161e-01
7.148224241230000109e-01
7.006896699889999525e-01
6.979952383730000376e-01
7.585958081350000493e-01
9.520046919510000150e-01
1.230541893370000084e+00
1.148508004770000035e+00
9.702421208070000080e-01
9.667424590800000050e-01
9.753728186519999843e-01
9.655361873200000167e-01
9.464787912719999641e-01
9.485797257189999554e-01
1.008153458870000074e+00
1.207686587530000022e+00
1.630308745100000012e+00
1.952749527169999944e+00
2.069487711089999848e+00
1.988029618499999929e+00
1.818000183739999942e+00
1.499799466770000089e+00
1.204210529989999889e+00
9.029292321640000063e-01
7.845115628769999683e-01
7.331595230949999875e-01
7.249784171659999776e-01
7.264519039929999700e-01
7.881622609449999706e-01
9.951664626449999718e-01
1.275848150619999899e+00
1.192123217410000047e+00
1.025090834150000019e+00
1.042567124589999894e+00
1.039006097749999968e+00
1.020472614830000069e+00
9.867186243090000364e-01
9.906583440209999480e-01
1.034867128729999974e+00
1.238234636440000092e+00
1.668047778480000076e+00
1.984091775490000042e+00
2.095692782049999980e+00
2.016850006809999929e+00
1.839572239260000019e+00
1.522878721659999934e+00
1.225302847100000037e+00
9.137441859510000430e-01
8.014131333649999744e-01
7.556645849930000436e-01
7.517653711920000426e-01
7.529083395369999820e-01
8.202068905089999751e-01
1.032731718510000007e+00
1.299365843079999916e+00
1.213418696379999995e+00
1.033123349830000093e+00
1.038370629060000105e+00
1.007075453499999940e+00
9.757006078640000357e-01
9.456270593000000169e-01
9.518486890830000213e-01
1.014449294849999905e+00
1.242133345510000098e+00
1.697095492289999896e+00
2.023982536490000150e+00
2.146166550359999814e+00
2.080743168520000186e+00
1.913095589619999926e+00
1.600528443850000038e+00
1.307419104749999894e+00
1.002379091689999946e+00
8.804235759999999855e-01
8.356621247709999922e-01
8.280277244860000385e-01
8.272437013310000031e-01
8.886649999229999652e-01
1.105541797859999953e+00
1.354768162090000061e+00
1.261895694199999918e+00
1.078495548770000090e+00
1.081375339460000085e+00
1.039175513470000034e+00
1.001068803429999932e+00
9.617668674149999486e-01
9.578760800069999748e-01
1.018675890349999946e+00
1.238126344649999933e+00
1.682882126890000052e+00
2.002558546760000002e+00
2.125017032400000172e+00
2.058740795559999892e+00
1.892314472590000074e+00
1.579082262110000023e+00
1.283445401280000064e+00
9.829257965890000337e-01
8.677162672039999691e-01
8.219301029240000389e-01
8.141805268120000383e-01
8.138340366670000492e-01
8.791439082390000159e-01
1.075145003690000101e+00
1.355717590630000080e+00
1.267594765559999948e+00
1.097911959299999962e+00
1.099624318700000103e+00
1.066303700630000018e+00
1.016962724969999954e+00
9.779447346670000485e-01
9.683364046739999509e-01
1.026129801289999977e+00
1.240373627659999922e+00
1.690707366050000049e+00
2.008831928060000216e+00
2.130811397380000027e+00
2.064714719949999999e+00
1.899155488259999913e+00
1.580290233880000006e+00
1.275008305859999913e+00
9.544022268059999536e-01
8.336811311039999950e-01
7.862177923369999544e-01
7.809234834620000232e-01
7.815467409930000331e-01
8.439648885199999562e-01
1.041240754890000009e+00
1.324257481120000079e+00
1.243109464140000009e+00
1.085380741690000095e+00
1.077173803360000015e+00
1.042833651410000062e+00
9.987185227849999514e-01
9.601630944689999447e-01
9.514508943099999616e-01
1.007434923499999968e+00
1.223564868530000016e+00
1.675463015689999891e+00
1.998757008029999893e+00
2.114941534819999802e+00
2.052043573090000184e+00
1.882682798829999893e+00
1.565562724410000106e+00
1.257955171449999909e+00
9.384939408050000376e-01
8.284720017319999741e-01
7.891017131069999468e-01
7.799965645409999704e-01
7.702914130539999515e-01
8.298072501019999603e-01
1.020925449099999938e+00
1.293473643500000048e+00
1.198995486630000107e+00
1.010014639450000029e+00
1.008827731380000037e+00
9.782866849600000414e-01
9.559012407550000479e-01
9.196898137160000042e-01
9.205750930980000080e-01
9.844787611140000116e-01
1.192923264690000096e+00
1.641695454039999946e+00
1.969599425750000021e+00
2.093385343010000010e+00
2.023244092790000170e+00
1.851652214870000090e+00
1.541062236709999977e+00
1.249731189960000100e+00
9.377816231229999522e-01
8.256555469559999638e-01
7.805267670929999513e-01
7.701205355069999925e-01
7.656579907280000041e-01
8.234962282850000204e-01
1.027688221630000065e+00
1.289029119040000060e+00
1.214967148079999948e+00
1.062386795199999900e+00
1.090112584369999915e+00
1.073465977089999912e+00
1.046616191270000051e+00
1.019443742430000022e+00
1.016696390389999927e+00
1.069826886680000033e+00
1.266436714959999987e+00
1.702089267070000078e+00
2.010518623689999895e+00
2.118777545679999985e+00
2.041779674059999827e+00
1.861313065899999897e+00
1.538984607159999962e+00
1.235925922470000105e+00
8.811406456620000105e-01
7.651239236400000365e-01
7.150746251990000024e-01
7.035751555899999454e-01
7.055766410110000386e-01
7.635701420160000419e-01
9.114907856120000318e-01
1.116233063949999993e+00
1.013624706639999928e+00
9.020573543609999856e-01
9.017455792030000250e-01
8.708181604739999582e-01
8.382026948570000524e-01
8.006546429230000372e-01
7.887145725249999906e-01
8.354723708989999498e-01
1.006232007749999990e+00
1.361598174090000057e+00
1.639238287950000039e+00
1.823719416599999921e+00
1.879770613830000103e+00
1.725739165410000053e+00
1.430139629589999961e+00
1.142848749359999916e+00
8.425530128779999961e-01
7.283671560150000168e-01
6.809977574009999923e-01
6.712658813880000297e-01
6.701738951869999905e-01
7.230828956349999448e-01
8.699067886989999554e-01
1.099473593879999989e+00
1.012821551879999893e+00
9.198182655709999933e-01
9.384879866490000166e-01
9.331931416159999770e-01
9.057385407700000446e-01
8.775187865910000218e-01
8.702925959270000345e-01
9.060783823200000420e-01
1.060373081030000053e+00
1.397740775009999936e+00
1.666366586549999917e+00
1.843915812679999933e+00
1.893068429780000006e+00
1.729442566049999908e+00
1.426437737369999903e+00
1.137163907799999985e+00
8.383407051090000506e-01
7.247518913549999553e-01
6.752068443319999558e-01
6.649225009650000517e-01
6.645704147900000081e-01
7.185955230110000480e-01
8.681913639689999851e-01
1.077920397259999996e+00
9.853657625499999684e-01
8.799908834809999636e-01
8.996303499500000189e-01
8.769451265779999449e-01
8.447286672339999747e-01
8.196544837200000488e-01
8.059384042539999848e-01
8.488840197870000104e-01
1.014424688599999902e+00
1.356364113749999989e+00
1.632217909369999997e+00
1.812459197449999948e+00
1.865189259469999916e+00
1.704715059169999991e+00
1.403948749720000055e+00
1.116474195679999948e+00
8.215346855089999956e-01
7.055671106030000361e-01
6.581903745830000041e-01
6.487232149580000051e-01
6.496210139800000505e-01
7.051717479569999947e-01
8.629845528890000006e-01
1.099527399240000092e+00
1.031283493579999933e+00
9.585893904700000245e-01
9.853906852729999999e-01
9.780363012020000246e-01
9.482895574390000082e-01
9.175217004550000333e-01
9.051785896530000208e-01
9.449092151419999919e-01
1.102048789199999934e+00
1.444953370989999986e+00
1.715356671119999898e+00
1.891451823189999937e+00
1.939982779159999948e+00
1.778417155779999925e+00
1.466329285470000077e+00
1.164027111450000040e+00
8.576390843710000045e-01
7.461337463539999826e-01
6.968847675729999969e-01
6.864546382539999936e-01
6.866415157830000338e-01
7.427474140619999554e-01
8.994857862830000217e-01
1.140063189990000003e+00
1.071752578599999950e+00
9.988260643730000332e-01
1.035958093000000080e+00
1.023522192239999962e+00
9.964446161709999972e-01
9.678593585739999616e-01
9.512026364969999870e-01
9.824735226280000289e-01
1.138351171090000058e+00
1.482048315199999911e+00
1.744324673449999974e+00
1.922643856229999892e+00
1.966885852349999908e+00
1.802284453600000003e+00
1.491565996210000078e+00
1.187790433440000015e+00
8.705698835080000197e-01
7.572134804610000103e-01
7.093259957669999505e-01
7.014461403370000347e-01
7.008607813770000305e-01
7.569160657739999465e-01
9.080036191470000073e-01
1.139672728619999909e+00
1.059102014200000053e+00
9.687432602500000156e-01
1.004472171239999989e+00
9.928132433859999662e-01
9.705848667099999938e-01
9.426456964830000063e-01
9.331571792780000152e-01
9.699429274190000116e-01
1.126480798220000024e+00
1.468960995600000041e+00
1.725441963510000010e+00
1.895444271329999930e+00
1.937547216880000089e+00
1.773896240760000076e+00
1.465928406049999966e+00
1.172769748019999891e+00
8.679111679340000274e-01
7.522333115220000144e-01
7.035326549520000139e-01
6.965927165899999940e-01
6.975433579359999747e-01
7.486481790060000030e-01
9.118119339929999789e-01
1.114189247539999927e+00
1.025547753549999941e+00
9.334340332849999644e-01
9.581785103609999910e-01
9.388426831989999943e-01
9.021325554079999698e-01
8.666086609330000412e-01
8.514233437910000424e-01
8.861591749339999824e-01
1.040830540329999998e+00
1.392510191009999954e+00
1.667000803160000100e+00
1.853374557610000029e+00
1.902268594779999988e+00
1.746961730960000070e+00
1.448882521560000081e+00
1.162322390539999972e+00
8.660617990029999547e-01
7.520488801460000206e-01
7.051488064030000391e-01
6.964502743260000406e-01
7.043666423629999507e-01
7.580723376810000191e-01
9.220180564509999899e-01
1.111844949800000037e+00
1.017070667060000044e+00
9.120359414269999521e-01
9.279185980230000297e-01
9.137215532619999969e-01
8.805028175189999473e-01
8.337728091149999576e-01
8.131623585020000267e-01
8.551548855410000538e-01
1.017015667549999947e+00
1.363251511070000088e+00
1.638513472030000084e+00
1.818319838639999908e+00
1.871873898700000094e+00
1.715402813200000098e+00
1.420442464660000015e+00
1.146003051899999958e+00
8.459807351039999590e-01
7.361450068349999487e-01
7.002156491269999616e-01
6.918192863390000280e-01
6.937584144039999900e-01
7.454542242939999896e-01
9.055747548079999820e-01
1.108639778059999914e+00
1.036095652800000044e+00
9.487677873359999792e-01
9.793749452869999761e-01
9.633753791689999568e-01
9.377122519310000515e-01
9.070079495720000384e-01
8.912591146610000514e-01
9.217057723639999756e-01
1.079203032779999960e+00
1.419797548710000079e+00
1.693132583479999953e+00
1.873274935550000020e+00
1.916909777050000097e+00
1.757260826870000070e+00
1.451357024150000008e+00
1.161397893680000015e+00
8.579161455229999955e-01
7.425896903419999528e-01
6.981098905810000366e-01
6.899494259120000361e-01
6.900553760509999801e-01
7.441671559870000063e-01
8.945947065889999772e-01
1.099589527320000037e+00
1.006937013479999976e+00
8.979074747999999939e-01
8.953372634230000182e-01
8.710253815690000012e-01
8.370671880540000442e-01
8.037264802579999756e-01
8.002291342120000373e-01
8.471350759500000382e-01
1.017749195529999984e+00
1.364275561009999915e+00
1.646490807489999986e+00
1.831640210490000031e+00
1.879523192049999958e+00
1.717117429930000050e+00
1.414452232739999982e+00
1.132164737879999938e+00
8.378770822040000343e-01
7.308157186279999884e-01
6.910467192020000038e-01
6.841180387730000367e-01
6.933847420709999820e-01
7.482035533509999725e-01
9.051121464629999780e-01
1.124216387509999970e+00
1.055097525000000092e+00
9.816415324799999675e-01
1.006916963319999914e+00
1.034183581860000034e+00
9.798539255139999682e-01
9.300274757340000198e-01
9.103089056819999580e-01
9.420978140139999457e-01
1.106538527040000108e+00
1.450628583000000082e+00
1.717121565510000059e+00
1.898874803520000043e+00
1.947488274549999954e+00
1.790054771679999934e+00
1.482167852749999959e+00
1.182156064660000006e+00
8.723777146979999619e-01
7.604708321980000463e-01
7.216325686660000072e-01
7.120168875560000110e-01
7.134443203620000062e-01
7.705240260110000072e-01
9.267594681809999679e-01
1.134355573499999936e+00
1.055813157660000057e+00
9.668650720010000255e-01
9.717875601450000067e-01
9.567954717929999520e-01
9.255692383160000203e-01
9.025707267010000256e-01
8.921327443430000503e-01
9.308973784990000055e-01
1.090206477620000003e+00
1.433793974349999889e+00
1.708483332049999914e+00
1.888359182539999903e+00
1.940936706670000067e+00
1.783939172830000031e+00
1.476414610810000028e+00
1.179985439650000023e+00
8.621400060089999817e-01
7.484048261250000333e-01
7.017527063309999535e-01
6.935622419050000431e-01
6.929537699029999498e-01
7.457171455629999501e-01
8.942238920230000110e-01
1.098989509159999933e+00
1.005126256460000089e+00
8.882540742009999990e-01
8.880123662559999964e-01
8.621754399469999663e-01
8.274478226060000274e-01
7.937762571699999992e-01
7.779155315700000406e-01
8.216333762609999702e-01
9.861246953740000487e-01
1.329920214719999993e+00
1.613987290060000079e+00
1.798856303009999991e+00
1.856374530959999936e+00
1.702192081099999976e+00
1.399247463970000105e+00
1.112144777449999955e+00
8.126825753090000104e-01
6.977620381250000392e-01
6.592027864260000536e-01
6.670686401519999587e-01
6.859167103529999476e-01
7.365376582529999938e-01
8.865308498630000145e-01
1.094544799989999984e+00
9.964446332780000359e-01
9.004391889459999465e-01
9.051864267860000313e-01
8.893105277630000138e-01
8.575832100469999997e-01
8.368805473170000120e-01
8.364622631939999664e-01
8.909857083519999721e-01
1.074927444609999894e+00
1.419116254299999991e+00
1.688009371019999927e+00
1.870291285400000003e+00
1.920831449290000048e+00
1.762258996309999937e+00
1.455964767530000037e+00
1.170246942059999906e+00
8.720917675499999522e-01
7.636283932699999832e-01
7.135511724849999959e-01
7.055980907179999484e-01
7.107170174700000453e-01
7.687530601609999792e-01
9.297840607639999977e-01
1.122007964100000033e+00
1.023003395599999976e+00
9.108421155620000098e-01
9.168981999440000141e-01
8.817700216179999995e-01
8.515535454379999925e-01
8.131174383810000350e-01
8.014951222970000400e-01
8.449640701820000377e-01
1.008877143100000096e+00
1.359447918399999899e+00
1.644490419989999896e+00
1.835214857410000011e+00
1.891840699779999913e+00
1.735780784709999969e+00
1.439678266889999891e+00
1.151497394129999963e+00
8.500309262299999835e-01
7.383207224129999524e-01
6.924954975939999757e-01
6.824183960009999605e-01
6.816315477590000338e-01
7.372678761309999773e-01
8.822488304090000399e-01
1.107045226409999916e+00
1.028018026840000099e+00
9.432416453630000364e-01
9.762165479790000377e-01
9.674526819090000229e-01
9.462748074610000115e-01
9.161455340599999886e-01
8.993312898319999471e-01
9.301840794019999858e-01
1.091385615609999915e+00
1.438784576950000060e+00
1.711716404779999978e+00
1.879900888789999946e+00
1.929328433710000068e+00
1.770819941569999889e+00
1.468935449900000023e+00
1.180532035619999975e+00
8.820125252870000265e-01
7.675925517839999879e-01
7.199837496430000483e-01
7.156390596720000330e-01
7.156652628799999860e-01
7.630612164910000050e-01
9.090684577500000030e-01
1.123060608619999901e+00
1.049541038369999901e+00
9.471943215320000053e-01
9.782245840819999705e-01
9.693571748120000109e-01
9.483188697469999706e-01
9.299854020240000407e-01
9.181078264430000413e-01
9.507116354269999903e-01
1.106456915130000107e+00
1.444101906920000067e+00
1.708069897219999911e+00
1.883101444150000026e+00
1.922402068580000067e+00
1.752628359200000041e+00
1.448691276879999990e+00
1.160871542840000048e+00
8.610334116240000446e-01
7.477290371189999618e-01
7.027981674879999474e-01
6.912751580299999477e-01
6.968614192830000498e-01
7.553394868959999453e-01
9.235775529480000356e-01
1.126443013170000063e+00
1.045963244199999975e+00
9.630237886350000442e-01
9.936121337390000363e-01
9.821158751680000298e-01
9.585024076000000504e-01
9.348978662729999778e-01
9.285373174269999641e-01
9.661002790820000241e-01
1.124069804859999966e+00
1.461899538609999993e+00
1.726259066439999934e+00
1.899674427409999922e+00
1.940997596749999943e+00
1.797397276249999898e+00
1.478002802980000085e+00
1.166952847289999928e+00
8.634653031200000273e-01
7.486839257859999597e-01
7.046578779269999648e-01
6.936443090610000528e-01
6.959893022330000401e-01
7.612779647699999819e-01
9.220101816900000413e-01
1.142471445410000008e+00
1.069740263849999984e+00
9.867095122350000302e-01
1.005749140170000056e+00
1.032709394639999889e+00
9.787560928080000222e-01
9.447001133050000332e-01
9.219456633710000348e-01
9.630666329920000157e-01
1.122383757359999956e+00
1.459894239160000051e+00
1.729263685680000107e+00
1.910267965779999910e+00
1.958126090039999934e+00
1.802652126329999938e+00
1.494382415470000058e+00
1.201651515960000083e+00
8.917682206420000091e-01
7.815915828589999892e-01
7.511004808029999591e-01
7.399147150299999476e-01
7.422415739330000539e-01
7.988969689960000453e-01
9.570817393999999645e-01
1.143694690060000019e+00
1.044220601859999986e+00
9.416460159149999676e-01
9.558329959710000212e-01
9.337266565890000036e-01
9.030699795850000156e-01
8.654182321869999805e-01
8.478956948950000516e-01
8.895110151730000192e-01
1.045231691289999931e+00
1.394453462269999999e+00
1.673003523700000050e+00
1.858443797190000080e+00
1.914315701390000068e+00
1.755937036910000026e+00
1.462641920320000066e+00
1.178502256810000093e+00
8.790056151320000399e-01
7.639748413510000224e-01
7.162664941640000116e-01
7.051925105730000309e-01
7.034869011879999467e-01
7.537226590509999991e-01
9.171065136010000396e-01
1.111274724929999902e+00
1.018471153809999974e+00
9.274879909890000329e-01
9.188632596019999932e-01
8.917553859979999720e-01
8.620706166339999754e-01
8.283187296480000184e-01
8.201560579940000428e-01
8.554147124980000516e-01
1.017999217799999911e+00
1.359829137510000008e+00
1.643044840159999964e+00
1.827926146760000092e+00
1.880014258369999913e+00
1.724818945230000011e+00
1.424161829390000022e+00
1.140080638509999966e+00
8.389132254219999751e-01
7.258836624500000223e-01
6.803703715609999980e-01
6.731855343179999895e-01
6.743618645919999821e-01
7.306621334839999982e-01
8.827276254439999637e-01
1.080733311909999994e+00
9.877901360769999473e-01
8.791506732589999817e-01
8.725860114369999865e-01
8.663067901530000503e-01
8.382066609089999787e-01
7.985325853979999833e-01
7.910011707480000265e-01
8.358608388470000206e-01
9.989324169290000333e-01
1.336834640039999966e+00
1.623107777620000025e+00
1.806289452119999916e+00
1.862296645350000057e+00
1.702570786479999931e+00
1.402043032709999970e+00
1.116155625470000023e+00
8.215310742439999592e-01
7.220258365609999451e-01
6.820683010760000275e-01
6.823923938679999912e-01
6.964975925909999699e-01
7.366713277940000193e-01
8.874868564529999615e-01
1.105410170569999906e+00
1.022384018559999941e+00
9.321260685840000448e-01
9.334799063099999961e-01
9.724538496069999871e-01
9.243738017210000324e-01
8.960030719929999998e-01
8.729614060570000111e-01
9.123385852869999590e-01
1.072500568709999991e+00
1.412672132179999984e+00
1.682356058509999919e+00
1.862767717309999904e+00
1.912261414370000079e+00
1.753880236959999950e+00
1.453926208659999997e+00
1.166577685230000050e+00
8.647265313090000127e-01
7.540312050549999867e-01
7.056289681059999541e-01
7.037618344810000481e-01
7.051935308340000486e-01
7.620178892140000437e-01
9.200323715610000397e-01
1.114259391040000047e+00
1.021427298299999897e+00
9.102238817529999526e-01
9.134182476409999918e-01
8.878130887239999991e-01
8.517995431689999730e-01
8.148127257089999853e-01
8.025435529409999935e-01
8.430807911840000335e-01
1.000386680110000093e+00
1.345284075519999956e+00
1.628831951480000040e+00
1.818631766750000045e+00
1.877057452769999912e+00
1.721987425790000081e+00
1.425839717169999910e+00
1.140616383110000021e+00
8.475099986709999644e-01
7.349113620020000237e-01
6.901212146830000282e-01
6.816300959550000149e-01
6.834228127129999830e-01
7.398324085530000316e-01
8.989042071459999450e-01
1.099878824929999999e+00
1.030211016930000056e+00
9.487000861369999649e-01
9.686369256989999510e-01
9.619422306379999954e-01
9.280411816970000061e-01
9.010252034329999660e-01
8.889774891830000136e-01
9.188823915570000223e-01
1.079734300539999969e+00
1.417049682060000038e+00
1.694787522579999983e+00
1.875866200319999955e+00
1.932736674260000065e+00
1.774899876279999900e+00
1.471931376549999948e+00
1.169739716670000096e+00
8.612772055909999613e-01
7.502255682709999540e-01
7.038749201089999907e-01
6.917774024020000301e-01
6.952863316020000406e-01
7.485962365849999633e-01
9.116983792010000531e-01
1.108391997430000053e+00
1.026637608920000000e+00
9.275969807689999902e-01
9.276815246799999803e-01
9.072827190669999764e-01
8.685353100539999760e-01
8.277545440219999939e-01
8.122792347160000537e-01
8.509421419989999791e-01
1.012464152459999989e+00
1.349813654160000098e+00
1.635016164590000098e+00
1.822068909069999965e+00
1.879728463740000022e+00
1.723979100510000029e+00
1.419545823169999998e+00
1.125685644510000083e+00
8.153675674889999669e-01
7.086864180990000150e-01
6.663720461879999446e-01
6.605716559430000467e-01
6.636714944320000198e-01
7.192046694189999645e-01
8.772919921299999757e-01
1.067384395119999940e+00
9.726858655950000321e-01
8.624476545279999851e-01
8.613011264779999454e-01
8.476059794520000024e-01
8.188913756710000103e-01
7.864523869320000360e-01
7.894597187130000249e-01
8.394415473980000320e-01
1.009290483240000036e+00
1.351388599889999931e+00
1.629420221990000028e+00
1.814856505679999898e+00
1.867764559170000060e+00
1.712179282199999930e+00
1.419277247809999976e+00
1.136952617740000004e+00
8.415188147900000137e-01
7.267265386869999899e-01
6.922959675550000025e-01
6.939327223260000066e-01
6.908305075159999475e-01
7.372352040170000453e-01
9.010708399569999916e-01
1.106092265950000098e+00
1.034502304249999893e+00
9.308766296799999562e-01
9.386385058849999741e-01
9.378415065509999593e-01
9.086072979789999726e-01
8.700596496029999738e-01
8.647200839409999729e-01
9.066588181829999815e-01
1.065726397629999989e+00
1.401027168049999938e+00
1.671868460780000065e+00
1.853365110249999947e+00
1.906218332339999932e+00
1.745673296919999951e+00
1.442372682110000026e+00
1.153342551049999942e+00
8.517249431729999598e-01
7.419701095280000214e-01
6.954201361299999773e-01
6.868526007159999613e-01
6.883838817470000482e-01
7.409963647839999945e-01
8.903590511760000048e-01
1.098169941699999930e+00
1.026787811920000015e+00
9.299047897190000356e-01
9.629303519490000074e-01
9.447492642979999911e-01
9.115015112659999863e-01
8.837218045960000268e-01
8.769148771679999843e-01
9.149676550140000142e-01
1.067593029119999981e+00
1.416994527459999986e+00
1.689025657359999988e+00
1.871364487119999920e+00
1.928048666040000025e+00
1.768343599410000078e+00
1.465145574039999898e+00
1.181870007849999960e+00
8.795632712730000469e-01
7.682193238550000247e-01
7.260387170480000485e-01
7.197711662889999529e-01
7.177925461349999869e-01
7.714225171580000318e-01
9.207371572670000059e-01
1.111049216609999890e+00
1.013515279790000001e+00
8.991772191719999974e-01
9.015660098959999980e-01
8.789517454740000124e-01
8.539885338529999981e-01
8.164463922129999718e-01
8.031628506379999699e-01
8.470926910830000045e-01
1.007899749589999949e+00
1.356371001100000084e+00
1.636817793439999891e+00
1.833373485080000087e+00
1.889560477110000081e+00
1.733295259309999947e+00
1.440329414740000091e+00
1.160529377040000032e+00
8.674804887079999860e-01
7.623182053689999682e-01
7.198792293210000137e-01
7.036383331940000430e-01
7.041238101629999635e-01
7.610713937799999940e-01
9.151867002039999477e-01
1.098281717359999909e+00
1.001137856419999972e+00
8.867741417150000194e-01
8.790972762259999795e-01
8.545577248390000547e-01
8.210715769240000128e-01
7.843313542580000464e-01
7.738417431549999836e-01
8.163915062719999671e-01
9.799440722450000196e-01
1.323023334569999987e+00
1.610913050119999967e+00
1.796022813780000060e+00
1.854996468019999956e+00
1.701272053480000102e+00
1.407616299509999891e+00
1.126544992039999915e+00
8.369307444910000227e-01
7.320457565839999514e-01
6.873249851189999760e-01
6.843134313009999747e-01
6.901215742020000432e-01
7.472660532189999705e-01
9.249250029819999774e-01
1.136485470310000023e+00
1.051902813080000110e+00
9.572334046699999544e-01
9.783694067189999677e-01
9.516685021630000296e-01
9.046079091740000244e-01
8.561764519160000031e-01
8.325453848380000021e-01
8.602209506739999512e-01
9.750810362239999973e-01
1.211015369889999915e+00
1.327392721270000076e+00
1.455618743310000074e+00
1.713682988850000033e+00
1.750234231699999921e+00
1.446556057770000070e+00
1.148939911700000094e+00
7.330357494920000105e-01
6.913765614269999915e-01
6.898540623350000178e-01
6.978839789290000040e-01
7.590010570340000040e-01
9.412667063520000488e-01
1.163357888379999983e+00
1.102483990949999937e+00
1.004739995100000005e+00
1.011114596569999913e+00
9.937029994089999763e-01
9.561407341040000230e-01
9.174660504449999587e-01
8.958403675760000517e-01
9.086409761799999485e-01
1.015571011210000041e+00
1.211429379249999938e+00
1.335848018619999911e+00
1.460310436919999955e+00
1.718378893289999931e+00
1.758350128750000074e+00
1.451946926740000032e+00
1.150196669260000082e+00
8.500496995140000012e-01
7.397339028260000449e-01
6.936457117330000477e-01
6.881987445909999446e-01
6.895273970009999642e-01
7.433071356539999730e-01
9.000313329229999715e-01
1.122796903000000013e+00
1.049137520009999935e+00
9.334742374650000230e-01
9.320195929610000096e-01
9.102886009939999967e-01
8.702396492639999925e-01
8.302271655380000226e-01
8.015043297570000336e-01
8.218816862719999783e-01
9.375795182080000068e-01
1.158846519839999978e+00
1.279182344549999906e+00
1.402909189280000080e+00
1.655327816870000079e+00
1.689160229749999909e+00
1.387429978389999929e+00
1.095655320439999914e+00
7.997973350839999718e-01
6.932305450679999703e-01
6.451516113330000302e-01
6.380874293349999560e-01
6.389059325120000077e-01
6.926473311649999909e-01
8.496529585069999557e-01
1.093355581009999966e+00
1.018994261440000049e+00
9.192952989410000386e-01
9.435131772279999884e-01
9.363991877120000362e-01
9.143241103839999662e-01
8.903875278680000172e-01
8.816438914399999938e-01
9.041511913369999487e-01
1.016666348910000073e+00
1.214621441230000043e+00
1.362356552550000099e+00
1.453690663870000011e+00
1.697233792290000043e+00
1.724871612490000095e+00
1.421218823170000034e+00
1.128190456820000076e+00
8.338479458299999925e-01
7.276544395570000434e-01
6.803309734629999772e-01
6.745939509430000092e-01
6.761227402280000076e-01
7.307922520320000448e-01
8.868597078059999861e-01
1.113080507779999895e+00
1.042895749950000006e+00
9.409917985319999900e-01
9.700026746390000287e-01
9.580611752869999664e-01
9.193067517320000492e-01
8.840168272399999694e-01
8.705482134240000169e-01
8.918627755239999511e-01
1.005816517740000027e+00
1.203176812970000009e+00
1.347321826229999964e+00
1.446232807929999975e+00
1.691925163160000078e+00
1.718660244580000107e+00
1.416772705110000086e+00
1.125227170480000094e+00
8.312716162340000325e-01
7.256046496189999528e-01
6.785936441890000337e-01
6.725775648759999559e-01
6.743342786799999544e-01
7.284783570770000383e-01
8.842642532159999957e-01
1.114194835830000008e+00
1.033183191410000035e+00
9.088083815609999672e-01
9.164565557410000451e-01
8.911545727659999638e-01
8.468873923940000159e-01
8.108288120050000103e-01
7.970648040500000198e-01
8.196543186829999827e-01
9.326763783899999494e-01
1.153224837090000010e+00
1.270472665540000046e+00
1.399160981609999910e+00
1.659760332100000069e+00
1.695195878420000080e+00
1.398938562929999962e+00
1.112078704960000053e+00
8.212788622619999757e-01
7.170997367150000468e-01
6.705567842099999787e-01
6.642861403480000426e-01
6.651546601279999527e-01
7.194484897880000229e-01
8.756465430300000019e-01
1.105230884190000040e+00
1.023817093619999952e+00
9.031738579220000007e-01
9.015969507179999454e-01
8.819183630069999946e-01
8.450275441440000534e-01
8.140276916190000156e-01
8.003141929539999699e-01
8.222488226619999452e-01
9.387361024460000314e-01
1.167552967460000035e+00
1.286049812209999921e+00
1.407482958319999922e+00
1.659521464580000050e+00
1.695317512319999942e+00
1.398752763989999925e+00
1.112034901909999984e+00
8.230457887330000499e-01
7.258436791360000084e-01
6.822242545810000003e-01
6.797571482740000226e-01
6.872373543349999947e-01
7.477759150720000303e-01
9.290920988499999922e-01
1.147690078439999928e+00
1.073377620630000084e+00
9.602479509029999694e-01
9.629869732910000257e-01
9.394002646889999530e-01
8.947080899470000181e-01
8.555590803120000087e-01
8.345330243430000294e-01
8.522983227899999514e-01
9.700135497070000445e-01
1.193417275600000105e+00
1.305164826519999988e+00
1.432316048579999945e+00
1.693388311889999942e+00
1.733702320519999951e+00
1.433673089240000031e+00
1.133993117289999963e+00
8.341969924640000311e-01
7.268728145230000104e-01
6.775968226999999899e-01
6.687013822849999789e-01
6.681468206659999520e-01
7.214744407690000250e-01
8.828434563599999452e-01
1.122974616000000037e+00
1.058164209160000091e+00
9.528274807940000368e-01
9.630060335619999856e-01
9.447323173399999607e-01
9.058116747859999984e-01
8.745167313189999847e-01
8.572614538909999471e-01
8.818978098599999926e-01
9.939346970060000119e-01
1.217230038599999897e+00
1.328329234349999943e+00
1.448442753229999935e+00
1.699486996310000109e+00
1.736551053839999970e+00
1.431321939899999895e+00
1.128997220860000095e+00
8.276708883800000249e-01
7.160836584149999906e-01
6.679663631890000453e-01
6.608603459670000513e-01
6.608918023780000484e-01
7.139289739580000349e-01
8.647820873349999493e-01
1.091457023880000099e+00
1.014227726229999904e+00
9.033354453849999910e-01
9.087595554239999984e-01
8.817515136110000151e-01
8.520541176910000347e-01
8.231840780600000462e-01
8.089534713999999571e-01
8.362774446159999542e-01
9.526307617160000296e-01
1.178071707169999982e+00
1.293017245789999992e+00
1.414354239949999981e+00
1.666857140769999912e+00
1.698294446860000084e+00
1.398829191509999958e+00
1.109390650789999988e+00
8.168901925720000179e-01
7.122637186820000021e-01
6.659629263730000304e-01
6.603355891829999491e-01
6.624227042550000499e-01
7.169788580479999895e-01
8.738529828150000123e-01
1.103735641669999934e+00
1.028347545589999967e+00
9.086882467210000147e-01
9.218386969249999785e-01
9.027669553760000465e-01
8.699655996049999729e-01
8.340160184510000407e-01
8.171899320390000332e-01
8.352040170919999840e-01
9.487709754509999760e-01
1.172840514970000081e+00
1.290669656039999946e+00
1.410175958039999955e+00
1.666206008040000075e+00
1.702817489440000109e+00
1.406134519240000103e+00
1.119407919719999978e+00
8.295638618670000408e-01
7.272541283740000528e-01
6.830458983460000466e-01
6.794953728860000375e-01
6.834380203090000272e-01
7.395697250849999627e-01
8.961589401589999948e-01
1.120881077159999961e+00
1.044585534679999927e+00
9.303492591449999960e-01
9.411613456940000066e-01
9.178153757060000251e-01
8.840449204310000253e-01
8.510776997800000299e-01
8.280690635859999649e-01
8.445528584289999641e-01
9.559458968759999564e-01
1.176366030400000096e+00
1.292340208029999937e+00
1.410743184540000028e+00
1.661288385290000003e+00
1.703294203210000024e+00
1.408883891379999920e+00
1.122335559079999934e+00
8.327066525149999787e-01
7.303210342660000354e-01
6.854863112900000388e-01
6.811805150299999889e-01
6.835649210730000425e-01
7.384879288879999670e-01
9.173181980829999693e-01
1.138032023610000110e+00
1.046961312559999913e+00
9.363293312610000418e-01
9.505893711220000375e-01
9.189200718529999534e-01
8.796419146689999913e-01
8.354989394439999995e-01
8.151292505760000529e-01
8.343917646670000465e-01
9.447136786530000441e-01
1.171522202680000069e+00
1.290600271870000038e+00
1.412096626879999928e+00
1.664500860850000041e+00
1.696749660520000091e+00
1.397185060960000058e+00
1.106647342680000090e+00
8.134120939319999799e-01
7.077153385069999691e-01
6.601139598199999847e-01
6.532394926469999863e-01
6.540533419659999570e-01
7.079210503789999942e-01
8.812148381250000106e-01
1.116715257769999914e+00
1.036761243940000021e+00
9.349024038480000520e-01
9.582015035449999996e-01
9.273967351659999636e-01
9.000125915109999930e-01
8.697630010329999717e-01
8.547106771450000418e-01
8.775397666559999754e-01
9.873225303260000363e-01
1.185662036969999944e+00
1.307387295190000076e+00
1.427157034900000010e+00
1.674155141139999969e+00
1.706430145529999942e+00
1.405647672189999975e+00
1.114743559789999949e+00
8.216116734160000545e-01
7.196830598140000479e-01
6.708163072449999653e-01
6.626647495549999878e-01
6.643928700490000505e-01
7.187111665350000012e-01
8.802036495930000148e-01
1.136059420060000047e+00
1.069960543359999905e+00
9.818571537629999790e-01
1.015849385649999936e+00
9.879280727670000095e-01
9.522900701619999575e-01
9.142349968670000493e-01
8.894273708490000319e-01
9.056907648840000213e-01
1.013102671209999972e+00
1.227638812249999933e+00
1.333827698089999902e+00
1.453923620719999921e+00
1.708722412039999972e+00
1.741133788139999972e+00
1.436872036110000028e+00
1.136862603750000034e+00
8.383095239750000260e-01
7.339045682389999659e-01
6.888789388320000207e-01
6.843857888659999889e-01
6.895147607239999754e-01
7.466911526689999912e-01
9.100743067190000257e-01
1.138594413030000085e+00
1.072745650169999898e+00
9.586818783599999616e-01
9.644176857280000181e-01
9.468574663740000341e-01
9.113702819019999790e-01
8.729462429680000524e-01
8.578074654949999767e-01
8.709013757929999766e-01
9.831610916649999865e-01
1.200992354510000082e+00
1.317442086830000081e+00
1.440315175440000095e+00
1.698356358000000066e+00
1.733078852610000054e+00
1.432868418630000029e+00
1.133406261740000032e+00
8.341780456849999803e-01
7.242762432889999769e-01
6.781415641560000207e-01
6.726642011940000554e-01
6.739968094489999784e-01
7.281349117390000236e-01
8.871244109889999674e-01
1.107314530450000056e+00
1.025588129359999989e+00
9.052341331950000125e-01
9.096689366939999521e-01
8.855160135520000475e-01
8.417722573729999880e-01
8.023746244149999596e-01
7.820245774130000216e-01
8.027072757080000454e-01
9.151200260509999573e-01
1.111487053400000091e+00
1.239991235550000015e+00
1.375108311680000028e+00
1.633928469260000016e+00
1.677801115679999899e+00
1.384031226610000109e+00
1.100579053379999950e+00
8.136422604709999673e-01
7.130182418739999806e-01
6.692340017829999654e-01
6.654996803329999988e-01
6.681339996139999959e-01
7.232481097059999531e-01
8.821876611510000021e-01
1.109559062570000032e+00
1.022802283899999942e+00
9.060875062900000110e-01
9.043561419619999819e-01
8.831792571469999631e-01
8.493237177310000163e-01
8.065901286150000127e-01
7.892457633510000514e-01
8.081530687150000336e-01
9.218966499699999817e-01
1.144410776720000023e+00
1.255586863210000015e+00
1.376044430969999954e+00
1.630048189900000111e+00
1.664245339979999905e+00
1.365334183339999896e+00
1.076771089750000021e+00
7.854520838859999632e-01
6.819980163069999657e-01
6.372671116660000301e-01
6.334134506869999459e-01
6.373065862260000047e-01
6.937233057739999875e-01
8.501398450739999779e-01
1.076118029549999910e+00
1.002196615559999948e+00
8.829451380749999689e-01
8.746820219499999993e-01
8.605553871029999469e-01
8.315962330060000518e-01
7.981231240630000112e-01
7.790237601160000525e-01
7.997034972540000286e-01
9.097728672239999703e-01
1.126829796880000067e+00
1.243051737720000105e+00
1.373293367230000062e+00
1.634374914849999971e+00
1.678703777990000034e+00
1.386567163600000097e+00
1.103455713240000025e+00
8.163119047050000354e-01
7.152087517009999562e-01
6.711197829510000545e-01
6.666440943839999633e-01
6.685588471879999606e-01
7.235120258349999611e-01
8.917574202910000247e-01
1.096039718869999957e+00
1.007909289150000109e+00
8.909946306129999938e-01
8.881085136780000333e-01
8.583209596599999935e-01
8.201724092840000369e-01
7.813623454720000083e-01
7.557643644179999898e-01
7.743546032020000025e-01
8.845453531389999569e-01
1.087118943209999911e+00
1.211238821250000042e+00
1.337886095720000057e+00
1.598140581460000043e+00
1.634513308610000104e+00
1.339516948260000007e+00
1.054655133880000095e+00
7.657793179809999629e-01
6.635976632150000221e-01
6.183574015470000296e-01
6.130837478499999715e-01
6.145266349610000178e-01
6.741357604950000137e-01
8.373033411160000217e-01
1.050423208440000034e+00
9.648987993419999576e-01
8.441216303220000494e-01
8.231919380359999927e-01
8.192844078690000309e-01
7.831099070510000315e-01
7.443876090040000282e-01
7.352255353150000117e-01
7.625698807290000047e-01
8.792797273829999760e-01
1.084087771030000091e+00
1.211238821250000042e+00
1.328009784370000057e+00
1.574911289269999903e+00
1.599415903599999966e+00
1.287872128839999908e+00
1.002423978519999981e+00
7.167278764329999552e-01
6.223814017930000553e-01
5.798041676420000456e-01
5.767038195960000335e-01
5.820334938510000056e-01
6.393658462710000157e-01
8.102100859290000123e-01
1.040367125509999990e+00
9.736900228079999886e-01
8.793495192979999819e-01
8.678367708380000378e-01
8.713857079679999673e-01
8.300446742029999880e-01
7.990632111869999665e-01
7.854290459499999599e-01
8.035347656029999674e-01
9.151976466310000058e-01
1.119439701239999918e+00
1.245549136790000011e+00
1.362254538570000006e+00
1.609766659599999983e+00
1.640898297789999960e+00
1.333983872429999940e+00
1.032525313270000078e+00
7.326778351870000261e-01
6.273422783919999635e-01
5.822354289910000036e-01
5.785084193480000136e-01
5.847601318749999777e-01
6.422432555579999924e-01
8.058565975100000500e-01
1.041328525860000020e+00
9.707916080820000460e-01
8.661558655650000160e-01
8.597371948430000410e-01
8.535239964730000350e-01
8.242953456770000242e-01
7.946049686599999662e-01
7.850003989589999787e-01
8.260626512730000481e-01
9.560402192300000435e-01
1.183598591620000029e+00
1.303859816329999921e+00
1.426432728930000060e+00
1.679578567409999890e+00
1.714662861120000104e+00
1.404400590859999909e+00
1.101244773419999934e+00
7.999851983060000116e-01
6.892344835689999671e-01
6.438619564419999497e-01
6.402468930350000420e-01
6.443338583430000543e-01
6.998083096499999600e-01
8.570925563489999455e-01
1.099672355590000095e+00
1.020618629949999967e+00
9.149281203760000203e-01
9.184817876459999697e-01
9.068666940609999561e-01
8.755601996459999592e-01
8.415861739369999706e-01
8.224574720270000361e-01
8.374780489459999755e-01
9.475245086300000397e-01
1.161875497140000046e+00
1.275295985639999907e+00
1.396239414010000068e+00
1.649758851070000087e+00
1.687685479810000055e+00
1.389160077299999907e+00
1.102702177380000093e+00
8.138660362520000469e-01
7.125707673600000236e-01
6.693347402860000406e-01
6.669872259810000203e-01
6.718888240939999701e-01
7.266405796070000145e-01
8.973351678209999793e-01
1.107605848019999950e+00
1.025757489350000107e+00
9.063060488419999450e-01
9.106781016999999645e-01
8.875683232140000323e-01
8.543075799539999737e-01
8.129612056689999866e-01
7.920072641800000035e-01
8.169816531560000206e-01
9.321559442950000385e-01
1.151273911200000111e+00
1.265270749359999947e+00
1.390756862549999973e+00
1.647296349149999894e+00
1.684483559200000036e+00
1.388491424629999971e+00
1.101704694659999983e+00
8.113314349150000382e-01
7.080840757470000524e-01
6.626708705830000046e-01
6.572886045439999547e-01
6.590291173410000036e-01
7.132768199800000319e-01
8.792106871529999923e-01
1.091646997840000077e+00
1.011288469759999975e+00
8.834861962940000479e-01
8.813947665689999544e-01
8.565828851579999625e-01
8.171459878960000145e-01
7.808318284259999631e-01
7.601022486339999995e-01
7.818532428679999535e-01
8.883054546590000156e-01
1.100045955789999974e+00
1.222160618269999999e+00
1.346949040029999933e+00
1.607667441999999891e+00
1.647548606810000038e+00
1.356449184839999988e+00
1.074674114060000019e+00
7.895735459830000025e-01
6.919090636360000213e-01
6.517767754050000084e-01
6.518565787229999575e-01
6.585792498610000267e-01
7.180325057930000421e-01
8.791200167639999785e-01
1.088809079350000042e+00
9.991943649229999558e-01
8.735745827909999761e-01
8.688659384669999985e-01
8.446370469789999946e-01
8.050229062799999502e-01
7.639456162509999926e-01
7.409596230039999787e-01
7.625698807290000047e-01
8.792797273829999760e-01
1.084087771030000091e+00
1.211238821250000042e+00
1.328009784370000057e+00
1.582043792679999950e+00
1.625266225240000084e+00
1.335375528379999954e+00
1.053844498399999940e+00
7.683668542079999941e-01
6.691289779589999487e-01
6.263978880810000538e-01
6.228814846250000370e-01
6.256594002719999548e-01
6.806660543529999829e-01
8.464565266989999559e-01
1.055422483689999913e+00
9.696320445620000283e-01
8.481526549379999613e-01
8.340025711990000090e-01
8.226367000850000055e-01
7.856212238199999920e-01
7.457960022599999794e-01
7.352255353150000117e-01
7.625698807290000047e-01
8.792797273829999760e-01
1.084087771030000091e+00
1.211238821250000042e+00
1.328009784370000057e+00
1.574911289269999903e+00
1.603719229309999994e+00
1.312365734049999899e+00
1.033732646979999892e+00
7.524824699390000315e-01
6.611443341599999579e-01
6.201909313310000060e-01
6.178417603620000031e-01
6.235069961700000496e-01
6.805678835220000389e-01
8.433166771250000249e-01
1.067141856199999905e+00
9.913248561499999889e-01
8.596333999280000304e-01
8.291450697150000160e-01
8.451369160080000054e-01
8.116929683189999523e-01
7.858007035020000419e-01
7.743511074900000235e-01
7.996288535840000433e-01
9.151976466310000058e-01
1.119439701239999918e+00
1.245549136790000011e+00
1.362254538570000006e+00
1.609766659599999983e+00
1.635022761070000108e+00
1.313763407009999939e+00
9.987314377270000154e-01
7.064924411999999876e-01
6.124634896939999962e-01
5.772790051260000554e-01
5.809449533970000301e-01
5.916321783679999724e-01
6.503036942059999825e-01
8.165274609249999482e-01
1.042028543310000055e+00
9.703948585220000256e-01
8.652457671559999897e-01
8.509028297830000254e-01
8.492954646129999841e-01
8.116929683189999523e-01
7.858007035020000419e-01
7.743511074900000235e-01
7.996288535840000433e-01
9.151976466310000058e-01
1.119439701239999918e+00
1.245549136790000011e+00
1.362254538570000006e+00
1.609766659599999983e+00
1.635022761070000108e+00
1.313763407009999939e+00
9.959219654530000465e-01
6.917230703869999831e-01
5.894642993969999578e-01
5.572477662870000126e-01
5.642267609469999723e-01
5.785821279799999717e-01
6.341690439179999972e-01
7.824989458490000382e-01
9.632282532439999656e-01
8.840358120419999910e-01
8.091933069129999545e-01
8.131010509020000221e-01
8.098331525040000090e-01
7.797398990689999865e-01
7.483121165080000026e-01
7.270294509219999979e-01
7.487793645079999783e-01
8.651363562270000251e-01
1.057851976440000064e+00
1.155231771560000009e+00
1.220723072940000042e+00
1.446057705090000089e+00
1.588359566699999892e+00
1.326313907499999889e+00
1.048527090679999940e+00
7.543712156130000235e-01
6.461625758769999894e-01
6.056419253749999454e-01
6.060777898820000065e-01
6.088429651960000077e-01
6.589690526389999636e-01
7.958525123130000267e-01
9.882647075279999971e-01
9.086481792139999847e-01
8.355397352790000509e-01
8.504390991620000007e-01
8.442532920099999894e-01
8.146720260969999572e-01
7.797120537849999700e-01
7.596487074909999970e-01
7.782969109549999764e-01
8.886626362099999676e-01
1.085830114439999994e+00
1.175318105889999964e+00
1.243910007430000020e+00
1.464993981119999900e+00
1.607332881280000070e+00
1.340309145119999990e+00
1.061331889000000084e+00
7.615848121830000039e-01
6.509847594150000027e-01
6.019531831529999488e-01
5.924774112689999983e-01
5.937556338599999650e-01
6.460378579929999532e-01
7.897837721370000175e-01
9.692026122119999920e-01
8.996821283420000093e-01
8.321219893550000357e-01
8.522129986369999521e-01
8.506768748720000550e-01
8.298453057100000363e-01
8.045244784670000371e-01
8.024927260240000138e-01
8.323631775259999754e-01
9.492733791080000261e-01
1.159448933109999968e+00
1.239621415000000004e+00
1.305007090649999979e+00
1.526173046100000041e+00
1.663453357270000099e+00
1.392901895929999911e+00
1.103059461990000045e+00
8.073221571640000205e-01
6.920373340469999635e-01
6.431516378560000469e-01
6.369354465540000287e-01
6.421291521440000150e-01
6.952730520219999599e-01
8.319682509419999983e-01
1.018620966919999926e+00
9.437072730900000206e-01
8.708602059669999784e-01
8.963715579080000495e-01
8.790052993270000004e-01
8.498332620090000011e-01
8.134303350779999997e-01
8.011852048040000174e-01
8.277178014520000238e-01
9.445930316030000107e-01
1.145519368280000005e+00
1.230447591189999912e+00
1.297507753559999921e+00
1.517659934609999928e+00
1.656339118610000050e+00
1.385616637290000064e+00
1.100431174129999912e+00
8.003136223240000513e-01
6.907682903849999834e-01
6.406916344780000383e-01
6.321206486879999975e-01
6.324157544830000255e-01
6.876334900660000526e-01
8.316650662890000545e-01
1.003172840189999970e+00
9.200415242249999626e-01
8.477242988940000279e-01
8.671862388779999486e-01
8.579062511659999446e-01
8.446691628160000187e-01
8.057791921679999803e-01
7.858406726309999923e-01
8.088622676050000182e-01
9.233548125710000498e-01
1.136402269810000032e+00
1.216466801429999967e+00
1.288259268110000022e+00
1.512466344299999932e+00
1.654464574549999956e+00
1.392106901170000022e+00
1.111841676110000066e+00
8.177929260740000039e-01
7.180458345800000419e-01
6.695402167770000412e-01
6.682290403589999928e-01
6.797123771199999887e-01
7.332158457540000063e-01
8.781817130100000313e-01
1.051859465689999995e+00
9.785315450520000180e-01
9.108642842140000084e-01
9.277540483349999700e-01
9.091597611809999480e-01
8.681782988639999976e-01
8.276373869330000410e-01
8.030053700610000345e-01
8.206287068880000479e-01
9.364052662720000475e-01
1.143536632160000011e+00
1.230786615940000051e+00
1.296575963510000040e+00
1.523378415140000053e+00
1.677326965850000073e+00
1.409948732779999991e+00
1.123910725730000060e+00
8.253434159550000482e-01
7.253845332599999640e-01
6.830482173390000078e-01
6.836409380289999449e-01
6.909492587529999508e-01
7.532933768520000406e-01
8.964125940580000007e-01
1.065519682539999957e+00
9.804504138580000250e-01
9.021064483270000434e-01
9.101893029659999801e-01
8.951445171049999816e-01
8.562133051300000464e-01
8.163547954080000446e-01
7.903816403519999811e-01
8.051360165619999565e-01
9.155465140599999829e-01
1.118101840390000046e+00
1.204896048689999999e+00
1.276569593260000079e+00
1.506399865929999971e+00
1.658913160050000002e+00
1.396355575759999912e+00
1.105927903049999994e+00
8.072737870099999657e-01
6.903906627529999840e-01
6.434701748969999802e-01
6.332062208269999548e-01
6.304181782909999976e-01
6.809458824490000062e-01
8.236077444680000026e-01
1.001001862809999921e+00
9.163140737980000061e-01
8.389927847770000113e-01
8.461772043759999695e-01
8.323779754260000052e-01
7.965258953689999810e-01
7.591337950850000071e-01
7.384976635690000402e-01
7.605959456109999683e-01
8.709901611050000492e-01
1.075210615660000091e+00
1.170382841819999964e+00
1.247377326889999916e+00
1.469467957960000071e+00
1.613996742090000103e+00
1.347763060459999940e+00
1.062560530320000085e+00
7.691296664819999851e-01
6.593265153720000438e-01
6.113948691339999852e-01
6.054271106359999655e-01
6.057634637650000098e-01
6.628505149019999765e-01
7.999004772069999714e-01
9.863386376289999813e-01
9.093212735050000273e-01
8.417953979729999592e-01
8.552150156190000407e-01
8.476519124589999565e-01
8.163113512620000511e-01
7.865405891029999541e-01
7.794950644710000320e-01
8.177214253090000495e-01
9.360608237119999453e-01
1.143725724090000062e+00
1.231077769299999902e+00
1.302489222629999999e+00
1.522033882309999919e+00
1.667714240780000079e+00
1.395176741020000000e+00
1.113354822230000041e+00
8.216036029240000316e-01
7.118705285780000391e-01
6.659242095880000267e-01
6.542607509160000001e-01
6.569848631329999744e-01
7.119627922110000062e-01
8.545457112850000092e-01
1.026671524569999994e+00
9.526182457570000484e-01
8.877166493200000508e-01
9.097217962689999604e-01
8.971011598500000517e-01
8.710995357280000295e-01
8.295025145900000174e-01
8.139654122020000271e-01
8.318357362930000054e-01
9.435575312139999893e-01
1.155293677269999986e+00
1.236512318359999973e+00
1.318839991019999935e+00
1.536520623959999998e+00
1.673769900399999955e+00
1.408924174230000048e+00
1.123411255339999970e+00
8.314546838659999661e-01
7.199008019670000147e-01
6.777023985950000329e-01
6.723935450329999730e-01
6.714544608929999825e-01
7.257392530049999735e-01
8.653600298889999598e-01
1.054238059590000054e+00
9.757639208870000358e-01
9.117964284589999968e-01
9.188432126150000157e-01
9.053480343900000005e-01
8.716786668389999715e-01
8.385798398720000213e-01
8.208847645739999477e-01
8.376003148409999488e-01
9.440691475970000024e-01
1.130958476610000041e+00
1.226677644810000078e+00
1.294115093050000054e+00
1.511298504079999994e+00
1.652565784909999946e+00
1.384859650039999890e+00
1.097818405880000014e+00
8.009469552829999728e-01
6.948068487899999868e-01
6.486503006070000188e-01
6.436596726200000118e-01
6.450437212920000496e-01
6.966396495150000145e-01
8.403364875740000350e-01
1.010184456129999964e+00
9.219102920749999708e-01
8.428950668660000201e-01
8.600336928489999977e-01
8.412155735909999654e-01
8.108339156320000241e-01
7.729415104439999462e-01
7.543026654740000447e-01
7.778563347589999566e-01
8.903161467489999481e-01
1.094187320629999904e+00
1.182048083390000004e+00
1.254864093089999910e+00
1.482270062170000013e+00
1.626793054870000033e+00
1.364167398780000040e+00
1.079433253049999930e+00
7.887903401110000212e-01
6.841091536690000474e-01
6.365860161890000146e-01
6.338654401219999679e-01
6.408518036410000285e-01
6.911685405130000293e-01
8.410743049909999991e-01
1.022668438750000020e+00
9.482392202760000499e-01
8.809059322500000233e-01
8.913731098210000425e-01
8.798273187720000443e-01
8.402939985389999977e-01
8.029700371389999480e-01
7.780285845690000368e-01
7.927489819120000503e-01
9.040036269700000293e-01
1.099693228950000101e+00
1.189542087099999979e+00
1.260113371249999892e+00
1.479559126550000103e+00
1.623596091360000049e+00
1.351387158799999932e+00
1.054403677530000083e+00
7.533085350479999942e-01
6.401887030089999930e-01
5.864982131789999720e-01
5.876564127569999796e-01
5.876628452609999886e-01
6.412841469169999753e-01
7.909154662030000171e-01
9.769302590920000418e-01
9.139175292910000081e-01
8.549262907910000209e-01
8.609141866449999680e-01
8.583886516619999574e-01
8.225197687930000390e-01
7.846239885619999965e-01
7.627500662130000109e-01
7.858383373630000168e-01
9.010542754750000549e-01
1.093203906649999890e+00
1.189542087099999979e+00
1.253271505579999889e+00
1.466110510010000034e+00
1.611478784720000057e+00
1.338133479169999918e+00
1.044854127140000033e+00
7.469469362789999956e-01
6.408355924049999874e-01
6.021092482219999598e-01
6.005919003909999665e-01
6.094896670680000073e-01
6.643502708370000454e-01
8.012785243509999988e-01
9.709241809490000152e-01
8.854501176819999930e-01
8.032169475810000403e-01
8.022952739499999986e-01
7.943632322529999845e-01
7.635555818160000285e-01
7.282975906709999725e-01
7.213356484630000232e-01
7.487793645079999783e-01
8.651363562270000251e-01
1.057851976440000064e+00
1.155231771560000009e+00
1.219026751389999941e+00
1.431124212939999918e+00
1.564783062170000072e+00
1.291685694069999890e+00
1.010973502459999951e+00
7.288237119360000404e-01
6.222928931140000453e-01
5.861100720770000549e-01
5.945935853830000006e-01
6.031609423110000368e-01
6.619766732809999610e-01
8.008695800580000190e-01
9.694628515419999593e-01
8.793146447099999818e-01
7.965577025400000233e-01
7.954794903620000524e-01
7.916553319310000170e-01
7.609224071140000545e-01
7.282975906709999725e-01
7.213356484630000232e-01
7.487793645079999783e-01
8.651363562270000251e-01
1.057851976440000064e+00
1.155231771560000009e+00
1.219026751389999941e+00
1.431124212939999918e+00
1.564783062170000072e+00
1.292707964289999900e+00
1.006086245269999901e+00
7.174935620319999874e-01
6.197058951310000507e-01
5.797894121459999939e-01
5.761643604799999707e-01
5.850092372540000030e-01
6.413365195500000393e-01
7.831092407299999891e-01
9.657938138820000296e-01
8.862055425489999694e-01
8.129078339059999658e-01
8.220666062029999832e-01
8.154703288389999472e-01
7.867945976300000366e-01
7.551746367030000018e-01
7.370848624620000011e-01
7.582231426090000337e-01
8.719909996319999967e-01
1.067666816460000057e+00
1.156638223569999901e+00
1.229276854739999925e+00
1.449120078460000016e+00
1.592445905860000011e+00
1.325656988199999997e+00
1.043899783459999897e+00
7.559356323200000505e-01
6.507732187579999827e-01
6.084857207549999591e-01
6.050939166600000085e-01
6.131365713380000360e-01
6.655770593540000224e-01
8.085143083400000430e-01
9.817071899629999931e-01
8.954364273229999949e-01
8.187909520160000509e-01
8.286773201579999970e-01
8.127942543220000315e-01
7.797303114320000006e-01
7.462976640009999496e-01
7.278324065989999481e-01
7.494877736739999907e-01
8.651363562270000251e-01
1.059314979919999899e+00
1.155231771560000009e+00
1.220901674799999892e+00
1.444665075619999905e+00
1.587776702019999986e+00
1.324690628389999958e+00
1.040274460670000067e+00
7.519645790650000272e-01
6.451379369319999446e-01
5.934842467090000184e-01
5.878833848640000470e-01
5.903001092849999853e-01
6.423774174120000513e-01
7.823319730329999500e-01
9.571608398819999586e-01
8.756236328459999774e-01
8.030026849189999538e-01
8.111016561660000512e-01
8.102548487239999986e-01
7.813551055940000101e-01
7.487515187300000097e-01
7.318546218439999640e-01
7.540933125450000052e-01
8.659063936440000164e-01
1.061683535430000047e+00
1.155231771560000009e+00
1.223230438379999896e+00
1.443660768350000012e+00
1.589712217790000048e+00
1.325423459630000078e+00
1.039775811649999993e+00
7.484836594120000131e-01
6.420635661539999539e-01
5.986838983209999965e-01
5.912243890420000314e-01
6.043498591320000113e-01
6.588870759920000264e-01
8.016089917509999774e-01
9.871071515029999910e-01
9.214519339900000272e-01
8.573776341759999919e-01
8.625309524650000004e-01
8.591456385660000139e-01
8.230128845880000377e-01
7.840672768769999523e-01
7.604612206380000350e-01
7.858383373630000168e-01
9.010542754750000549e-01
1.093203906649999890e+00
1.189542087099999979e+00
1.253271505579999889e+00
1.465979583269999997e+00
1.605576135910000035e+00
1.327059570819999923e+00
1.028860290639999953e+00
7.264378537190000484e-01
6.170558900899999477e-01
5.709664682809999503e-01
5.614724141119999956e-01
5.669846112059999665e-01
6.248315449919999987e-01
7.685627759349999977e-01
9.543713121850000425e-01
8.831782835660000330e-01
8.255511876900000212e-01
8.383025130010000048e-01
8.359580232619999718e-01
8.044353492970000019e-01
7.718856231859999584e-01
7.604612206380000350e-01
7.858383373630000168e-01
9.010542754750000549e-01
1.093203906649999890e+00
1.189542087099999979e+00
1.253271505579999889e+00
1.465979583269999997e+00
1.600389919639999992e+00
1.311794973280000054e+00
1.004647027210000099e+00
7.017921301980000193e-01
5.941441881939999448e-01
5.541403672219999965e-01
5.569692777829999830e-01
5.644934222570000548e-01
6.217296405319999719e-01
7.635166544799999455e-01
9.429723504979999893e-01
8.583582909450000464e-01
7.870688381620000174e-01
7.936900097879999727e-01
7.941542204060000332e-01
7.659958142749999643e-01
7.323849838549999491e-01
7.213356484630000232e-01
7.487793645079999783e-01
8.651363562270000251e-01
1.057851976440000064e+00
1.155231771560000009e+00
1.219026751389999941e+00
1.431124212939999918e+00
1.564783062170000072e+00
1.283799137409999958e+00
9.963831635619999627e-01
7.097142010650000499e-01
6.041810221260000002e-01
5.634081368369999732e-01
5.600378988059999674e-01
5.665689252590000446e-01
6.229020664519999695e-01
7.620886617119999595e-01
9.534046580149999617e-01
8.786347280720000485e-01
8.054358659270000054e-01
8.174977629799999868e-01
8.110451027589999917e-01
7.833506287599999451e-01
7.533392098400000236e-01
7.335281723869999659e-01
7.501184525759999611e-01
8.651363562270000251e-01
1.057851976440000064e+00
1.155231771560000009e+00
1.219026751389999941e+00
1.435087017919999930e+00
1.575356274150000013e+00
1.307376137449999920e+00
1.026036711179999950e+00
7.371896002810000015e-01
6.379016406499999903e-01
5.964900683810000492e-01
5.972321315180000312e-01
6.023798018279999944e-01
6.588578806320000147e-01
7.923212043399999738e-01
9.609328165980000058e-01
8.751750874029999849e-01
7.967361533839999455e-01
8.003395669549999702e-01
7.935006382620000132e-01
7.634495509840000249e-01
7.316406205840000343e-01
7.213356484630000232e-01
7.487793645079999783e-01
8.651363562270000251e-01
1.057851976440000064e+00
1.155231771560000009e+00
1.219026751389999941e+00
1.431124212939999918e+00
1.569260100009999936e+00
1.308121356970000093e+00
1.035432404170000042e+00
7.369073774219999651e-01
6.376251911879999845e-01
5.963687483480000218e-01
5.945654658879999666e-01
5.968607978240000334e-01
6.518458179039999800e-01
7.935281628420000066e-01
9.714767939099999694e-01
8.980803316250000057e-01
8.211296917779999927e-01
8.258802364939999974e-01
8.180254051719999531e-01
7.885331727829999471e-01
7.558755079109999997e-01
7.373372428090000374e-01
7.545350197539999471e-01
8.684089278729999473e-01
1.068900026249999913e+00
1.161639511770000022e+00
1.229835945929999896e+00
1.446833764329999994e+00
1.590484139750000026e+00
1.320223647239999964e+00
1.035143513409999994e+00
7.415940470580000277e-01
6.166357670890000309e-01
5.854607597180000456e-01
5.900908380370000206e-01
5.843428659210000431e-01
6.338172058330000525e-01
7.464458875060000498e-01
8.766047477609999472e-01
7.468499575089999620e-01
6.114675096999999671e-01
6.011681200589999996e-01
5.922571693089999645e-01
5.924990854280000052e-01
5.833380820900000430e-01
5.881262144009999915e-01
6.146136178140000350e-01
7.243189441680000229e-01
9.212555348500000019e-01
1.009593642310000039e+00
1.069549792199999905e+00
1.288540060319999903e+00
1.432256060290000077e+00
1.199230038729999892e+00
9.699528976250000323e-01
7.161975230629999967e-01
6.223150253500000506e-01
5.795271715869999563e-01
5.812870920489999760e-01
5.772961938389999936e-01
6.235242908379999838e-01
7.377098054430000218e-01
8.606286879790000510e-01
7.308265390499999459e-01
6.028034359859999469e-01
5.843582112980000298e-01
5.748878550929999998e-01
5.752907016639999815e-01
5.640565589429999971e-01
5.810495878900000521e-01
6.216632267289999847e-01
7.449610376030000314e-01
9.352118012840000549e-01
1.045210967020000048e+00
1.097509657440000064e+00
1.313234338180000016e+00
1.451171090039999889e+00
1.218749675930000054e+00
9.904778882579999832e-01
7.407636267630000049e-01
6.418147774950000439e-01
5.992267360549999866e-01
5.986431090639999786e-01
5.995114574090000259e-01
6.463405513329999463e-01
7.527027949100000281e-01
8.788416738669999617e-01
7.507957775260000188e-01
6.146411988640000379e-01
5.999405573760000498e-01
5.880233980300000329e-01
5.836025590740000490e-01
5.652700616789999577e-01
5.705395099119999758e-01
6.008432363150000288e-01
7.132404064430000190e-01
9.199493717769999801e-01
1.005847927110000040e+00
1.067875995879999929e+00
1.288038318799999971e+00
1.434492097769999974e+00
1.206684537969999971e+00
9.889667600739999731e-01
7.431559882120000182e-01
6.713566785879999665e-01
6.328473659040000365e-01
6.279781134249999841e-01
6.332693155519999451e-01
6.818637043020000510e-01
8.195058893000000122e-01
9.928173169380000163e-01
9.033501512289999757e-01
8.237662519549999729e-01
8.304425166619999743e-01
8.215862196280000473e-01
7.897218205170000171e-01
7.537716101270000024e-01
7.360933388449999448e-01
7.528117924170000252e-01
8.663407593090000081e-01
1.066466303349999922e+00
1.156405488559999917e+00
1.222860416789999904e+00
1.444243765259999979e+00
1.589588160579999965e+00
1.327398988209999908e+00
1.046703582349999939e+00
7.622053169000000405e-01
6.690689481810000450e-01
6.265513605600000480e-01
6.290630074299999874e-01
6.396509429229999544e-01
6.913672082230000182e-01
8.265587798510000139e-01
9.941285119180000018e-01
9.058007427430000424e-01
8.227732054209999646e-01
8.355907845200000184e-01
8.255052915930000124e-01
7.942908449150000161e-01
7.669069149130000040e-01
7.668213173540000538e-01
8.032457478640000481e-01
9.289097186060000233e-01
1.150376230520000043e+00
1.239201942590000050e+00
1.303507418379999949e+00
1.522786486440000031e+00
1.661364909480000041e+00
1.392089757429999963e+00
1.104420239610000021e+00
8.072860762619999964e-01
6.931957919279999603e-01
6.465387734940000186e-01
6.405810756959999797e-01
6.400478970730000272e-01
6.973134345799999467e-01
8.341374429900000331e-01
1.021867755659999988e+00
9.490022638249999698e-01
8.773737185519999704e-01
8.983711989610000392e-01
8.790267660739999878e-01
8.484646871430000514e-01
8.108433238429999523e-01
7.972223793720000229e-01
8.229459682740000170e-01
9.314712534189999449e-01
1.118532917560000062e+00
1.211899405100000049e+00
1.274994414260000042e+00
1.492116606820000024e+00
1.629043591030000071e+00
1.359892804170000025e+00
1.074967975999999936e+00
7.807478008060000363e-01
6.295402163950000185e-01
5.861781209219999456e-01
5.838593731840000522e-01
5.904847118939999806e-01
6.382864561559999927e-01
7.650674106720000145e-01
9.223180881650000495e-01
8.475937582510000290e-01
7.891173034389999952e-01
8.016287406350000033e-01
7.871949976059999798e-01
7.533986916820000213e-01
7.184966472999999576e-01
6.954685318600000166e-01
7.102157174069999579e-01
8.017124221920000071e-01
9.749952527740000097e-01
1.048962001050000037e+00
1.088353783190000090e+00
1.277067340099999893e+00
1.458728200939999997e+00
1.247921243520000001e+00
9.724779926400000107e-01
6.879623021970000529e-01
5.854860631280000005e-01
5.394540261300000417e-01
5.342095451930000127e-01
5.365514874679999657e-01
5.857044954790000535e-01
7.096353424150000366e-01
8.700148173380000127e-01
8.020035068890000174e-01
7.510502260139999553e-01
7.594201381440000009e-01
7.488809634290000128e-01
7.223405895240000429e-01
6.917739563620000087e-01
6.715381257379999802e-01
6.972739177219999807e-01
7.964269283099999486e-01
9.688380778809999594e-01
1.048962001050000037e+00
1.087965921809999958e+00
1.269353796639999921e+00
1.444598267339999964e+00
1.232470965769999927e+00
9.641471763940000494e-01
6.885808070279999527e-01
5.948621633920000429e-01
5.523001635630000461e-01
5.562200321029999728e-01
5.632965463819999963e-01
6.177416599189999857e-01
7.466142921480000139e-01
9.107737670669999730e-01
8.461253612860000217e-01
7.963723591389999523e-01
8.094865432840000485e-01
8.021946289429999766e-01
7.659140144520000248e-01
7.295220053840000274e-01
7.090049513689999916e-01
7.343328905770000192e-01
8.323448475579999783e-01
1.004190008099999920e+00
1.083272316590000006e+00
1.122210675999999907e+00
1.304209166970000000e+00
1.478805821669999965e+00
1.253605987490000073e+00
9.710961064290000166e-01
6.840613883510000548e-01
5.859827686030000260e-01
5.485739419709999565e-01
5.485610901540000084e-01
5.538977328630000363e-01
6.036197003979999476e-01
7.300226598539999445e-01
8.923879274929999994e-01
8.278009090350000321e-01
7.796822498430000525e-01
7.808320423689999457e-01
7.785443967940000043e-01
7.481314207739999667e-01
7.223621101389999799e-01
7.090049513689999916e-01
7.343328905770000192e-01
8.323448475579999783e-01
1.004190008099999920e+00
1.083272316590000006e+00
1.122210675999999907e+00
1.304209166970000000e+00
1.478805821669999965e+00
1.247545002100000078e+00
9.424533411709999919e-01
6.330555180129999737e-01
5.104633415060000345e-01
4.577182765619999816e-01
4.674805494750000068e-01
4.779609757420000271e-01
5.385089941449999751e-01
6.649212187190000067e-01
8.373492851399999548e-01
7.755414383080000418e-01
7.219335277370000359e-01
7.208508401290000256e-01
7.198074386199999619e-01
7.003209146829999510e-01
6.787740776249999719e-01
6.698793791939999798e-01
6.972739177219999807e-01
7.964269283099999486e-01
9.688380778809999594e-01
1.048962001050000037e+00
1.087965921809999958e+00
1.269353796639999921e+00
1.443198964200000045e+00
1.219251790169999961e+00
9.306983045229999529e-01
6.499120179109999507e-01
5.509415384439999563e-01
5.103671060000000148e-01
5.086762907670000500e-01
5.160184240620000473e-01
5.668771078330000490e-01
6.946648239460000429e-01
8.616038924390000409e-01
7.968397158019999704e-01
7.412120895889999783e-01
7.512194640820000213e-01
7.415046743819999620e-01
7.107856147600000174e-01
6.787740776249999719e-01
6.698793791939999798e-01
6.972739177219999807e-01
7.964269283099999486e-01
9.688380778809999594e-01
1.048962001050000037e+00
1.087965921809999958e+00
1.269353796639999921e+00
1.443198964200000045e+00
1.219251790169999961e+00
9.301885436110000072e-01
6.482552322329999672e-01
5.531435494449999934e-01
5.173408351199999533e-01
5.184369491110000228e-01
5.270566453949999675e-01
5.810989113479999579e-01
7.023168148889999962e-01
8.539027566669999958e-01
7.814944740160000292e-01
7.218664705549999727e-01
7.241388333639999786e-01
7.215209597189999879e-01
7.003209146829999510e-01
6.787740776249999719e-01
6.698793791939999798e-01
6.972739177219999807e-01
7.964269283099999486e-01
9.688380778809999594e-01
1.048962001050000037e+00
1.087965921809999958e+00
1.269353796639999921e+00
1.443198964200000045e+00
1.219251790169999961e+00
9.269184958359999449e-01
6.353901205349999914e-01
5.379102033249999470e-01
4.983271434500000097e-01
5.022291031529999561e-01
5.091570201130000139e-01
5.619836778879999661e-01
6.876780641709999697e-01
8.704480199840000099e-01
8.095612628770000319e-01
7.701152013990000267e-01
8.011591297519999877e-01
7.969124158699999461e-01
7.793109418210000250e-01
7.545482051520000510e-01
7.397263215079999954e-01
7.614043507959999957e-01
8.556277393740000514e-01
1.021700155990000081e+00
1.099552063880000041e+00
1.137987043090000094e+00
1.319888214519999936e+00
1.495725937310000031e+00
1.277813347109999942e+00
9.966158974609999888e-01
7.102550870339999767e-01
6.019790350489999664e-01
5.539453295959999579e-01
5.505789059010000042e-01
5.500410629369999471e-01
5.977471258580000502e-01
7.204281542789999770e-01
8.860676732100000175e-01
8.211464284880000131e-01
7.692738235189999774e-01
7.870420604160000000e-01
7.733350570360000287e-01
7.532834307379999705e-01
7.278087225260000404e-01
7.098959690180000059e-01
7.350169292070000138e-01
8.277286229150000452e-01
9.927079532410000295e-01
1.070207080819999934e+00
1.110011977469999911e+00
1.296271503250000068e+00
1.478207357779999898e+00
1.265641401949999967e+00
9.849634369559999714e-01
6.967908124370000289e-01
5.991315882829999495e-01
5.517534406999999863e-01
5.455187356359999518e-01
5.502611310020000257e-01
6.016082106190000500e-01
7.313614561669999903e-01
9.259494762119999667e-01
8.741986428729999759e-01
8.424651397829999722e-01
8.726968502940000150e-01
8.614892916130000300e-01
8.329602749569999798e-01
7.991701451120000188e-01
7.805417591779999498e-01
7.955347890099999653e-01
8.845055803710000220e-01
1.067599811640000063e+00
1.128607205470000041e+00
1.164174496160000016e+00
1.353170517219999924e+00
1.534668990589999948e+00
1.316916142890000030e+00
1.031971557909999948e+00
7.372269867249999775e-01
6.307084029480000131e-01
5.826567686600000462e-01
5.757280226430000480e-01
5.770388957690000264e-01
6.247041069090000232e-01
7.630326923360000180e-01
9.314226424160000350e-01
8.748029971040000019e-01
8.328925216750000526e-01
8.558685389429999679e-01
8.419108123799999843e-01
8.093032426089999953e-01
7.704178198269999722e-01
7.488822788019999788e-01
7.698774713599999542e-01
8.632000646520000542e-01
1.049329986769999890e+00
1.117207244260000065e+00
1.151911785920000098e+00
1.337523442259999973e+00
1.516171147889999959e+00
1.294062782469999950e+00
1.001477648190000069e+00
7.053311446800000217e-01
5.916122563619999886e-01
5.425540757710000106e-01
5.351107066939999601e-01
5.363185522550000250e-01
5.837559516070000010e-01
7.110802538849999577e-01
8.755798454450000046e-01
8.188561827900000534e-01
7.749332728819999794e-01
8.025425460549999723e-01
7.948441303340000319e-01
7.660489318980000517e-01
7.351481613989999664e-01
7.198844285000000065e-01
7.396275388849999910e-01
8.389386740030000400e-01
1.017531346750000010e+00
1.080383631169999914e+00
1.117960223280000109e+00
1.302143633060000028e+00
1.476596109169999949e+00
1.259462935569999997e+00
9.781354005829999698e-01
6.903944880719999899e-01
5.866237444059999584e-01
5.423682576530000077e-01
5.367269121259999887e-01
5.425489109500000184e-01
5.928814952600000021e-01
7.168628217739999586e-01
8.768073649269999548e-01
8.063139556849999723e-01
7.514326799499999598e-01
7.667605035910000089e-01
7.538260371589999842e-01
7.288854449549999615e-01
6.977147212169999557e-01
6.782535900539999885e-01
7.011702163659999654e-01
7.964269283099999486e-01
9.701147855659999486e-01
1.048962001050000037e+00
1.087965921809999958e+00
1.269353796639999921e+00
1.443878504850000022e+00
1.232646476220000009e+00
9.556208981220000176e-01
6.744899902059999786e-01
5.702125165870000068e-01
5.292672358550000178e-01
5.261948013839999883e-01
5.292878056630000438e-01
5.785019584539999871e-01
7.045640899380000155e-01
8.657850422939999957e-01
7.997805456590000306e-01
7.405199547749999889e-01
7.427032367289999604e-01
7.315772752000000434e-01
7.060038704440000368e-01
6.787740776249999719e-01
6.698793791939999798e-01
6.972739177219999807e-01
7.964269283099999486e-01
9.688380778809999594e-01
1.048962001050000037e+00
1.087965921809999958e+00
1.269353796639999921e+00
1.443198964200000045e+00
1.219251790169999961e+00
9.269184958359999449e-01
6.394835358949999549e-01
5.408003688820000043e-01
5.044538444599999671e-01
5.082601736520000468e-01
5.193803368099999540e-01
5.727637207319999924e-01
7.003404059629999567e-01
8.639484312480000261e-01
7.948526345090000111e-01
7.395034927289999560e-01
7.510328825099999994e-01
7.452302619080000134e-01
7.206471034100000450e-01
6.961136964670000538e-01
6.750860109890000071e-01
7.026387541480000332e-01
7.964269283099999486e-01
9.688380778809999594e-01
1.048962001050000037e+00
1.087965921809999958e+00
1.270201930989999894e+00
1.455370444870000002e+00
1.250552140549999969e+00
9.805782989050000342e-01
7.076092757790000132e-01
6.101659631279999774e-01
5.727605139579999838e-01
5.767120331799999722e-01
5.887748363600000534e-01
6.368655082840000148e-01
7.569138177390000166e-01
9.014898938090000202e-01
8.197631660959999733e-01
7.567231886999999935e-01
7.604122968900000057e-01
7.482490210250000162e-01
7.187960436789999630e-01
6.847748199530000468e-01
6.698793791939999798e-01
6.972739177219999807e-01
7.964269283099999486e-01
9.688380778809999594e-01
1.048962001050000037e+00
1.087965921809999958e+00
1.269353796639999921e+00
1.443198964200000045e+00
1.219251790169999961e+00
9.400951630499999601e-01
6.657114782270000530e-01
5.726149969820000241e-01
5.355631217130000232e-01
5.366226791249999462e-01
5.447970885689999987e-01
5.944770847939999658e-01
7.231975003889999920e-01
8.880720498180000311e-01
8.248081146529999685e-01
7.766497809989999501e-01
7.865190456670000385e-01
7.793856322819999738e-01
7.481314207739999667e-01
7.223621101389999799e-01
7.090049513689999916e-01
7.343328905770000192e-01
8.323448475579999783e-01
1.004190008099999920e+00
1.083272316590000006e+00
1.122210675999999907e+00
1.304209166970000000e+00
1.478805821669999965e+00
1.247545002100000078e+00
9.424533411709999919e-01
6.482569166589999821e-01
5.447949014820000491e-01
5.078624059070000474e-01
5.096182954310000124e-01
5.165011797080000244e-01
5.713653441460000426e-01
7.054294304349999489e-01
8.789157145499999491e-01
8.217010975099999781e-01
7.839182932910000456e-01
7.963935685309999624e-01
7.926047448730000333e-01
7.598121740369999655e-01
7.246110432300000292e-01
7.090049513689999916e-01
7.343328905770000192e-01
8.323448475579999783e-01
1.004190008099999920e+00
1.083272316590000006e+00
1.122210675999999907e+00
1.304209166970000000e+00
1.478805821669999965e+00
1.247545002100000078e+00
9.440941807399999552e-01
6.539411200110000211e-01
5.519948263509999453e-01
5.112963710450000310e-01
5.140201350080000342e-01
5.273761489839999816e-01
5.784927515709999968e-01
7.097590069329999807e-01
8.743120485309999745e-01
8.071009056329999654e-01
7.550445914600000252e-01
7.653128005060000350e-01
7.562755529519999964e-01
7.286928251980000493e-01
6.964389242440000016e-01
6.794433471990000140e-01
6.972739177219999807e-01
7.964269283099999486e-01
9.688380778809999594e-01
1.048962001050000037e+00
1.087965921809999958e+00
1.269353796639999921e+00
1.443198964200000045e+00
1.221309172470000037e+00
9.444987169630000290e-01
6.622175372619999445e-01
5.620387119919999508e-01
5.195084584450000431e-01
5.178670776299999501e-01
5.292973694220000080e-01
5.806714893669999711e-01
7.059560124449999474e-01
8.635387274339999530e-01
7.934086658919999868e-01
7.359238085139999663e-01
7.435362142950000530e-01
7.357066943969999828e-01
7.070678078640000308e-01
6.787740776249999719e-01
6.698793791939999798e-01
6.972739177219999807e-01
7.964269283099999486e-01
9.688380778809999594e-01
1.048962001050000037e+00
1.087965921809999958e+00
1.269353796639999921e+00
1.443198964200000045e+00
1.219251790169999961e+00
9.269184958359999449e-01
6.363909242840000147e-01
5.362373470040000534e-01
4.978427763619999724e-01
4.991031017299999983e-01
5.152716950889999481e-01
5.654165470619999523e-01
6.880640376600000163e-01
8.442357021880000367e-01
7.711160711090000452e-01
7.116826671289999684e-01
7.127566204159999641e-01
7.156041284440000094e-01
7.003209146829999510e-01
6.787740776249999719e-01
6.698793791939999798e-01
6.972739177219999807e-01
7.964269283099999486e-01
9.688380778809999594e-01
1.048962001050000037e+00
1.087965921809999958e+00
1.269353796639999921e+00
1.443198964200000045e+00
1.219251790169999961e+00
9.269184958359999449e-01
6.264818349359999594e-01
5.107438660590000179e-01
4.676187154679999902e-01
4.781430699070000068e-01
4.869768685470000080e-01
5.421364013230000056e-01
6.704371465709999534e-01
8.339287273080000507e-01
7.672808848819999694e-01
7.136127592280000487e-01
7.231574589460000313e-01
7.190763525150000168e-01
7.003209146829999510e-01
6.787740776249999719e-01
6.698793791939999798e-01
6.972739177219999807e-01
7.964269283099999486e-01
9.688380778809999594e-01
1.048962001050000037e+00
1.087965921809999958e+00
1.269353796639999921e+00
1.443198964200000045e+00
1.219251790169999961e+00
9.323208372969999935e-01
6.540730262289999875e-01
5.635048828619999561e-01
5.319894155700000127e-01
5.372585498580000340e-01
5.517640145579999489e-01
6.019242143559999647e-01
7.277698232349999463e-01
8.785642712790000530e-01
8.013548618789999578e-01
7.407650504760000532e-01
7.450799077090000111e-01
7.368919537760000305e-01
7.074829898679999562e-01
6.787740776249999719e-01
6.698793791939999798e-01
6.972739177219999807e-01
7.964269283099999486e-01
9.688380778809999594e-01
1.048962001050000037e+00
1.087965921809999958e+00
1.269353796639999921e+00
1.443198964200000045e+00
1.219251790169999961e+00
9.289242375330000190e-01
6.472555032529999641e-01
5.578772558929999681e-01
5.173802233630000469e-01
5.161499128369999578e-01
5.278079192069999870e-01
5.788643824900000512e-01
7.113569970749999971e-01
8.778893312929999526e-01
8.164617100859999921e-01
7.686607752199999810e-01
7.770198220009999490e-01
7.745305822369999982e-01
7.481314207739999667e-01
7.223621101389999799e-01
7.090049513689999916e-01
7.343328905770000192e-01
8.323448475579999783e-01
1.004190008099999920e+00
1.083272316590000006e+00
1.122210675999999907e+00
1.304209166970000000e+00
1.478805821669999965e+00
1.247907424319999903e+00
9.558722531309999937e-01
6.699198991949999460e-01
5.734209513460000185e-01
5.390634891409999963e-01
5.434063616080000436e-01
5.520380791129999576e-01
6.027418748920000402e-01
7.303910979879999488e-01
8.959563871710000127e-01
8.275518009719999846e-01
7.770296576240000030e-01
7.862135908330000200e-01
7.781641990880000526e-01
7.481314207739999667e-01
7.223621101389999799e-01
7.090049513689999916e-01
7.343328905770000192e-01
8.323448475579999783e-01
1.004190008099999920e+00
1.083272316590000006e+00
1.122210675999999907e+00
1.304209166970000000e+00
1.478805821669999965e+00
1.247545002100000078e+00
9.439400258769999885e-01
6.579656206480000158e-01
5.577091199200000515e-01
5.300849427770000233e-01
5.349817830499999927e-01
5.501682306220000429e-01
6.018135852029999899e-01
7.240701483189999621e-01
8.717522354979999610e-01
7.927050280390000037e-01
7.267101626319999452e-01
7.195719671410000240e-01
7.156041284440000094e-01
7.003209146829999510e-01
6.787740776249999719e-01
6.698793791939999798e-01
6.972739177219999807e-01
7.964269283099999486e-01
9.688380778809999594e-01
1.048962001050000037e+00
1.087965921809999958e+00
1.269353796639999921e+00
1.443198964200000045e+00
1.219251790169999961e+00
9.269184958359999449e-01
6.264818349359999594e-01
5.249062260369999899e-01
4.915651398440000208e-01
4.964926402309999820e-01
5.157493075760000156e-01
5.714331175469999913e-01
6.935076559389999895e-01
8.457180500600000039e-01
7.658897960110000458e-01
7.068356673810000101e-01
7.053021213079999630e-01
7.156041284440000094e-01
7.003209146829999510e-01
6.787740776249999719e-01
6.698793791939999798e-01
6.972739177219999807e-01
7.964269283099999486e-01
9.688380778809999594e-01
1.072991157909999993e+00
1.141692410669999935e+00
1.269353796639999921e+00
1.443198964200000045e+00
1.219251790169999961e+00
9.269184958359999449e-01
6.264818349359999594e-01
5.195596251749999839e-01
4.822257804730000208e-01
4.922762355309999727e-01
5.052458641379999893e-01
5.617063024989999986e-01
6.785483310040000271e-01
8.345486228099999737e-01
7.609189940999999680e-01
7.022465336090000232e-01
7.053021213079999630e-01
7.156041284440000094e-01
7.003209146829999510e-01
6.787740776249999719e-01
6.698793791939999798e-01
6.972739177219999807e-01
8.032169925990000348e-01
1.125959086519999985e+00
1.235536948780000088e+00
1.210499416410000029e+00
1.270803059359999931e+00
1.443198964200000045e+00
1.219251790169999961e+00
9.269184958359999449e-01
6.264818349359999594e-01
5.104633415060000345e-01
4.550743283729999922e-01
4.565830956079999781e-01
4.684474908099999779e-01
5.291904040779999985e-01
6.548697946210000342e-01
8.159928229459999516e-01
7.471777333360000162e-01
6.909946495509999842e-01
7.053021213079999630e-01
7.156041284440000094e-01
7.003209146829999510e-01
6.787740776249999719e-01
6.698793791939999798e-01
6.972739177219999807e-01
7.964269283099999486e-01
9.903685363619999515e-01
1.123864759769999999e+00
1.179041789460000045e+00
1.286235550130000016e+00
1.443198964200000045e+00
1.219251790169999961e+00
9.269184958359999449e-01
6.264818349359999594e-01
5.104633415060000345e-01
4.585547197809999864e-01
4.685732623030000044e-01
4.872514341210000266e-01
5.441239281899999947e-01
6.730415551809999508e-01
8.295035535179999808e-01
7.569795561269999640e-01
6.998628357339999884e-01
7.053021213079999630e-01
7.156041284440000094e-01
7.003209146829999510e-01
6.787740776249999719e-01
6.698793791939999798e-01
6.972739177219999807e-01
7.964269283099999486e-01
9.688380778809999594e-01
1.055813165220000016e+00
1.087965921809999958e+00
1.269353796639999921e+00
1.443198964200000045e+00
1.219251790169999961e+00
9.269184958359999449e-01
6.264818349359999594e-01
5.155473691940000158e-01
4.579805424060000019e-01
4.538241215909999959e-01
4.666979777870000068e-01
5.216225463379999816e-01
6.593863268309999581e-01
8.474087599220000433e-01
7.940421220979999584e-01
7.436696128109999693e-01
7.566785345090000225e-01
7.726355561109999881e-01
7.527599763060000004e-01
7.268508856380000438e-01
7.134027425229999553e-01
7.347548211690000386e-01
8.369326000879999672e-01
1.005179080050000007e+00
1.084771936599999931e+00
1.121494044290000103e+00
1.307228699830000007e+00
1.481806729209999896e+00
1.248627252189999925e+00
9.403697215670000498e-01
6.356460115330000438e-01
5.155473691940000158e-01
4.655700640509999877e-01
4.663266240680000174e-01
4.818479002439999825e-01
5.383782286549999574e-01
6.764738348409999880e-01
8.621275101569999544e-01
8.066943449179999615e-01
7.614725369270000099e-01
7.706626336499999841e-01
7.776690344340000394e-01
7.527599763060000004e-01
7.268508856380000438e-01
7.134027425229999553e-01
7.347548211690000386e-01
8.369326000879999672e-01
1.005179080050000007e+00
1.084771936599999931e+00
1.121494044290000103e+00
1.307228699830000007e+00
1.481806729209999896e+00
1.248627252189999925e+00
9.453277067969999559e-01
6.644761129009999490e-01
5.611091357949999914e-01
5.228026283519999762e-01
5.285434040340000195e-01
5.419929307159999654e-01
5.938555915330000490e-01
7.179996038320000107e-01
8.821074518360000338e-01
8.050995293320000190e-01
7.362075388340000304e-01
7.380564696760000265e-01
7.333893210280000297e-01
7.049494702149999847e-01
6.832628531240000358e-01
6.742771703480000545e-01
6.976958483140000000e-01
8.010146808400000484e-01
9.698271498360000464e-01
1.050461621059999962e+00
1.087249290089999931e+00
1.272373329499999928e+00
1.446199871739999976e+00
1.220334040270000031e+00
9.248348762310000248e-01
6.365826615280000267e-01
5.384077703399999804e-01
5.042288284320000091e-01
5.075903013460000279e-01
5.217661261310000409e-01
5.720634714729999626e-01
6.958338250890000465e-01
8.585562962720000302e-01
7.815032633370000426e-01
7.121935020309999587e-01
7.057623052200000524e-01
7.201467965919999825e-01
7.049494702149999847e-01
6.832628531240000358e-01
6.742771703480000545e-01
6.976958483140000000e-01
8.010146808400000484e-01
1.041377113530000065e+00
1.184574164190000056e+00
1.204853784550000029e+00
1.320500201990000066e+00
1.446199871739999976e+00
1.220334040270000031e+00
9.248348762310000248e-01
6.290723284560000295e-01
5.116003451180000106e-01
4.560211173120000128e-01
4.582596715660000042e-01
4.703239011809999814e-01
5.242050261530000199e-01
6.510683101930000438e-01
8.223406019600000283e-01
7.538428573459999837e-01
6.958008919989999708e-01
7.057623052200000524e-01
7.201467965919999825e-01
7.049494702149999847e-01
6.832628531240000358e-01
6.742771703480000545e-01
8.159017745959999957e-01
1.065478897370000011e+00
1.437879922580000081e+00
1.489129192859999895e+00
1.456656141629999901e+00
1.552508354069999985e+00
1.500249678230000105e+00
1.220334040270000031e+00
9.248348762310000248e-01
6.290723284560000295e-01
5.116003451180000106e-01
4.553693039789999952e-01
4.438169991429999905e-01
4.424407618860000113e-01
4.901417171940000150e-01
6.208015768689999492e-01
8.051691223500000438e-01
7.476877016380000240e-01
6.958008919989999708e-01
7.057623052200000524e-01
7.201467965919999825e-01
7.049494702149999847e-01
6.832628531240000358e-01
6.742771703480000545e-01
6.976958483140000000e-01
8.499715235239999611e-01
1.076608902170000048e+00
1.184981589660000001e+00
1.205082650989999893e+00
1.341496952680000021e+00
1.446199871739999976e+00
1.220334040270000031e+00
9.248348762310000248e-01
6.290723284560000295e-01
5.116003451180000106e-01
4.553693039789999952e-01
4.438169991429999905e-01
4.585107665450000036e-01
5.167069615249999526e-01
6.531774999139999816e-01
8.290748347270000540e-01
7.662857200539999747e-01
7.044211277720000552e-01
7.116626088509999670e-01
7.201467965919999825e-01
7.049494702149999847e-01
6.832628531240000358e-01
6.742771703480000545e-01
6.976958483140000000e-01
8.010146808400000484e-01
9.698271498360000464e-01
1.093066599299999941e+00
1.087249290089999931e+00
1.272373329499999928e+00
1.446199871739999976e+00
1.220334040270000031e+00
9.248348762310000248e-01
6.290723284560000295e-01
5.155473691940000158e-01
4.629455642879999888e-01
4.617277125029999874e-01
4.763308679139999779e-01
5.372314059199999603e-01
6.728150145290000550e-01
8.540933416970000192e-01
7.972104420640000466e-01
7.447739205200000212e-01
7.566785345090000225e-01
7.726355561109999881e-01
7.527599763060000004e-01
7.268508856380000438e-01
7.134027425229999553e-01
7.347548211690000386e-01
8.369326000879999672e-01
1.029844177470000011e+00
1.145424574159999986e+00
1.160081983610000034e+00
1.307228699830000007e+00
1.481806729209999896e+00
1.248627252189999925e+00
9.403697215670000498e-01
6.356460115330000438e-01
5.155473691940000158e-01
4.601922823099999782e-01
4.582107291899999990e-01
4.697953091290000271e-01
5.264431923939999480e-01
6.651410705129999767e-01
8.688089315689999648e-01
8.188729760449999784e-01
7.793336823319999551e-01
8.023657702399999980e-01
8.045432756179999867e-01
7.763518923750000189e-01
7.400731855929999492e-01
7.169491168389999780e-01
7.347548211690000386e-01
8.369326000879999672e-01
1.005179080050000007e+00
1.084771936599999931e+00
1.121494044290000103e+00
1.307228699830000007e+00
1.481806729209999896e+00
1.248627252189999925e+00
9.403697215670000498e-01
6.420652728679999699e-01
5.287536399179999513e-01
4.814490002180000228e-01
4.772826382159999770e-01
4.834181587899999966e-01
5.377823048440000253e-01
6.672071130440000442e-01
8.479220245220000507e-01
7.938644965940000464e-01
7.355863990880000536e-01
7.419109040979999792e-01
7.375048181290000393e-01
7.091139187270000255e-01
6.832628531240000358e-01
6.742771703480000545e-01
6.976958483140000000e-01
8.010146808400000484e-01
9.698271498360000464e-01
1.050461621059999962e+00
1.087249290089999931e+00
1.272373329499999928e+00
1.446199871739999976e+00
1.220334040270000031e+00
9.248348762310000248e-01
6.323756101609999680e-01
5.274014745580000163e-01
4.868516990990000015e-01
4.848429251990000188e-01
4.926746130599999884e-01
5.398365278550000257e-01
6.671505160770000442e-01
8.366572951940000058e-01
7.673499195249999794e-01
7.027770757169999882e-01
7.057623052200000524e-01
7.201467965919999825e-01
7.049494702149999847e-01
6.832628531240000358e-01
6.742771703480000545e-01
6.976958483140000000e-01
8.380242896849999790e-01
1.168580415629999925e+00
1.296088828040000029e+00
1.336921359710000035e+00
1.463022455449999981e+00
1.550980077489999998e+00
1.220334040270000031e+00
9.248348762310000248e-01
6.290723284560000295e-01
5.116003451180000106e-01
4.553693039789999952e-01
4.438169991429999905e-01
4.449076987569999808e-01
4.980853372660000167e-01
6.336804016549999474e-01
8.110157541529999792e-01
7.489499491769999739e-01
6.958008919989999708e-01
7.057623052200000524e-01
7.201467965919999825e-01
7.049494702149999847e-01
6.832628531240000358e-01
6.742771703480000545e-01
6.976958483140000000e-01
8.394528222189999722e-01
1.147278801339999932e+00
1.278143596550000094e+00
1.202020106089999985e+00
1.303751360179999930e+00
1.446199871739999976e+00
1.220334040270000031e+00
9.248348762310000248e-01
6.290723284560000295e-01
5.116003451180000106e-01
4.553693039789999952e-01
4.438169991429999905e-01
4.531517428280000259e-01
5.103124763640000117e-01
6.478717908979999551e-01
8.220757842260000281e-01
7.586091471839999656e-01
6.983097510100000349e-01
7.057623052200000524e-01
7.201467965919999825e-01
7.049494702149999847e-01
6.832628531240000358e-01
6.742771703480000545e-01
6.976958483140000000e-01
8.010146808400000484e-01
9.698271498360000464e-01
1.058340991829999966e+00
1.122425684890000053e+00
1.272373329499999928e+00
1.446199871739999976e+00
1.220334040270000031e+00
9.248348762310000248e-01
6.290723284560000295e-01
5.184472652939999815e-01
4.758243333580000067e-01
4.839835547949999928e-01
5.008716566969999562e-01
5.519035238720000347e-01
6.798987656889999842e-01
8.452508117629999873e-01
7.710558630980000050e-01
7.017773039960000236e-01
7.057623052200000524e-01
7.201467965919999825e-01
7.049494702149999847e-01
6.832628531240000358e-01
6.742771703480000545e-01
7.001121225090000122e-01
9.219837266000000531e-01
1.278170342319999930e+00
1.392715751569999938e+00
1.344912881620000000e+00
1.310107829139999902e+00
1.446199871739999976e+00
1.220334040270000031e+00
9.248348762310000248e-01
6.290723284560000295e-01
5.155473691940000158e-01
4.579805424060000019e-01
4.468180492370000256e-01
4.595333638710000224e-01
5.134253069719999507e-01
6.477434961529999757e-01
8.307890842149999733e-01
7.801250025310000336e-01
7.408319504650000553e-01
7.566785345090000225e-01
7.726355561109999881e-01
7.527599763060000004e-01
7.268508856380000438e-01
8.943889999459999629e-01
1.092766897059999964e+00
1.365844808410000111e+00
1.644131487499999933e+00
1.611509139710000094e+00
1.560284348239999952e+00
1.632115982880000038e+00
1.737485397769999995e+00
1.385806613129999976e+00
9.845269534839999892e-01
6.356460115330000438e-01
5.155473691940000158e-01
4.579805424060000019e-01
4.451824033149999749e-01
4.451119175009999873e-01
4.942384097940000220e-01
6.314270890859999819e-01
8.263304842699999986e-01
7.801250025310000336e-01
7.408319504650000553e-01
7.566785345090000225e-01
7.726355561109999881e-01
7.527599763060000004e-01
7.268508856380000438e-01
7.134027425229999553e-01
7.347548211690000386e-01
8.369326000879999672e-01
1.005179080050000007e+00
1.084771936599999931e+00
1.121494044290000103e+00
1.307228699830000007e+00
1.481806729209999896e+00
1.248627252189999925e+00
9.403697215670000498e-01
6.356460115330000438e-01
5.144012315820000181e-01
4.726771433479999840e-01
4.809483569729999797e-01
4.960571676439999855e-01
5.544001116079999569e-01
6.813256406709999879e-01
8.487667227740000042e-01
7.743040365640000422e-01
7.055023211409999773e-01
7.057623052200000524e-01
7.201467965919999825e-01
7.049494702149999847e-01
6.832628531240000358e-01
6.742771703480000545e-01
6.976958483140000000e-01
8.241687304400000524e-01
1.130589636300000089e+00
1.271920861039999906e+00
1.184551199209999961e+00
1.272373329499999928e+00
1.446199871739999976e+00
1.220334040270000031e+00
9.248348762310000248e-01
6.290723284560000295e-01
5.116003451180000106e-01
4.581769550079999864e-01
4.597637488940000128e-01
4.675066772040000207e-01
5.216198560079999824e-01
6.509761588810000221e-01
8.203739652429999918e-01
7.519706264809999929e-01
6.958008919989999708e-01
7.057623052200000524e-01
7.201467965919999825e-01
7.049494702149999847e-01
6.832628531240000358e-01
6.983776377239999666e-01
9.215188039570000322e-01
1.175309526780000002e+00
1.566808144079999909e+00
1.603139424869999941e+00
1.577343235969999924e+00
1.688962030629999944e+00
1.694771483740000084e+00
1.310208538439999959e+00
9.248348762310000248e-01
6.290723284560000295e-01
5.116003451180000106e-01
4.553693039789999952e-01
4.438169991429999905e-01
4.424407618860000113e-01
4.901417171940000150e-01
6.208015768689999492e-01
8.051691223500000438e-01
7.476877016380000240e-01
6.958008919989999708e-01
7.057623052200000524e-01
7.201467965919999825e-01
7.049494702149999847e-01
6.855120605440000459e-01
8.353562285540000465e-01
1.001834343060000077e+00
1.222439970880000004e+00
1.549164005099999963e+00
1.542218333929999963e+00
1.528137173109999969e+00
1.443849413919999991e+00
1.446199871739999976e+00
1.220334040270000031e+00
9.248348762310000248e-01
6.290723284560000295e-01
5.116003451180000106e-01
4.553693039789999952e-01
4.527381844480000139e-01
4.696185788530000127e-01
5.278356103389999499e-01
6.598050145989999837e-01
8.278868479440000261e-01
7.594092173240000188e-01
6.958008919989999708e-01
7.057623052200000524e-01
7.201467965919999825e-01
7.049494702149999847e-01
6.832628531240000358e-01
6.996918199510000491e-01
8.649789711169999507e-01
1.078522261240000057e+00
1.438253066829999982e+00
1.455739099509999912e+00
1.435621619710000019e+00
1.497738922239999937e+00
1.559003286889999895e+00
1.220334040270000031e+00
9.248348762310000248e-01
6.290723284560000295e-01
5.116003451180000106e-01
4.553693039789999952e-01
4.471249235390000187e-01
4.637711914379999967e-01
5.217611479079999892e-01
6.445131722610000224e-01
8.141101471210000495e-01
7.476877016380000240e-01
6.958008919989999708e-01
7.057623052200000524e-01
7.201467965919999825e-01
7.049494702149999847e-01
7.050993456969999462e-01
9.252500153439999764e-01
1.194643589600000055e+00
1.467119406919999980e+00
1.817854513059999899e+00
1.924484547650000099e+00
1.732514306589999942e+00
1.790136414760000072e+00
1.885102641330000051e+00
1.461142986430000068e+00
9.857540833979999695e-01
6.290723284560000295e-01
5.155473691940000158e-01
4.579805424060000019e-01
4.451824033149999749e-01
4.451119175009999873e-01
4.942384097940000220e-01
6.314270890859999819e-01
8.263304842699999986e-01
7.801250025310000336e-01
7.408319504650000553e-01
7.566785345090000225e-01
7.726355561109999881e-01
7.527599763060000004e-01
7.268508856380000438e-01
7.134027425229999553e-01
7.347548211690000386e-01
8.768260677910000300e-01
1.055727526349999890e+00
1.169774704760000006e+00
1.230574009139999925e+00
1.395963502619999907e+00
1.539571940949999940e+00
1.248627252189999925e+00
9.403697215670000498e-01
6.356460115330000438e-01
5.155473691940000158e-01
4.579805424060000019e-01
4.451824033149999749e-01
4.555756067889999983e-01
5.120587453389999766e-01
6.550740985809999639e-01
8.382992136750000434e-01
7.855173198539999735e-01
7.408319504650000553e-01
7.566785345090000225e-01
7.726355561109999881e-01
7.527599763060000004e-01
7.268508856380000438e-01
7.134027425229999553e-01
7.606897333090000268e-01
9.733911212139999547e-01
1.292824744440000062e+00
1.405627746900000030e+00
1.390718854249999969e+00
1.460871821140000026e+00
1.536789798110000049e+00
1.248627252189999925e+00
9.403697215670000498e-01
6.356460115330000438e-01
5.116003451180000106e-01
4.553693039789999952e-01
4.567598603540000135e-01
4.685009528549999858e-01
5.251214320210000341e-01
6.595971889980000169e-01
8.276289378000000196e-01
7.621626647850000547e-01
6.972397826130000142e-01
7.057623052200000524e-01
7.201467965919999825e-01
7.049494702149999847e-01
6.832628531240000358e-01
6.742771703480000545e-01
6.976958483140000000e-01
8.413736583990000240e-01
1.146852180180000014e+00
1.266906436139999981e+00
1.259312028010000084e+00
1.272373329499999928e+00
1.446199871739999976e+00
1.220334040270000031e+00
9.248348762310000248e-01
6.290723284560000295e-01
5.116003451180000106e-01
4.661455609260000132e-01
4.738307828059999949e-01
4.868242472489999750e-01
5.374714089290000274e-01
6.652746236240000277e-01
8.374857690000000465e-01
7.707112983949999663e-01
7.046507981820000488e-01
7.057623052200000524e-01
7.201467965919999825e-01
7.049494702149999847e-01
6.832628531240000358e-01
6.742771703480000545e-01
6.976958483140000000e-01
8.010146808400000484e-01
1.074988924189999917e+00
1.225195811360000109e+00
1.241489006709999954e+00
1.388565022190000109e+00
1.446199871739999976e+00
1.220334040270000031e+00
9.248348762310000248e-01
6.290723284560000295e-01
5.117733337340000244e-01
4.712473349490000074e-01
4.749389116580000070e-01
4.958755417630000273e-01
5.563381375970000153e-01
6.787619830479999505e-01
8.451493591380000447e-01
7.704223107369999601e-01
7.003965558050000428e-01
7.057623052200000524e-01
7.201467965919999825e-01
7.049494702149999847e-01
6.832628531240000358e-01
6.742771703480000545e-01
7.574380117729999640e-01
9.945507488010000285e-01
1.332949506160000075e+00
1.434290737790000048e+00
1.431776858020000098e+00
1.406232054369999984e+00
1.446199871739999976e+00
1.220334040270000031e+00
9.248348762310000248e-01
6.290723284560000295e-01
5.116003451180000106e-01
4.553693039789999952e-01
4.438169991429999905e-01
4.424407618860000113e-01
4.919997440030000058e-01
6.212009113709999752e-01
8.051691223500000438e-01
7.476877016380000240e-01
6.958008919989999708e-01
7.057623052200000524e-01
7.201467965919999825e-01
7.049494702149999847e-01
7.063810671569999977e-01
9.129890086309999653e-01
1.108846848390000028e+00
1.346244724209999966e+00
1.738297434409999953e+00
1.742387105339999964e+00
1.654121006530000049e+00
1.649009200450000101e+00
1.703268885009999956e+00
1.350946454670000074e+00
9.755800952640000245e-01
6.290723284560000295e-01
5.116003451180000106e-01
4.553693039789999952e-01
4.438169991429999905e-01
4.424407618860000113e-01
4.901417171940000150e-01
6.208015768689999492e-01
8.051691223500000438e-01
7.476877016380000240e-01
6.958008919989999708e-01
7.057623052200000524e-01
7.201467965919999825e-01
8.217985352319999715e-01
9.759658555460000162e-01
1.174836956989999903e+00
1.356396825560000075e+00
1.583953216100000061e+00
1.921086805849999912e+00
1.839672794710000003e+00
1.777265562149999978e+00
1.680407372309999925e+00
1.649991217680000011e+00
1.222282245589999983e+00
9.248348762310000248e-01
6.290723284560000295e-01
5.155473691940000158e-01
4.579805424060000019e-01
4.451824033149999749e-01
4.451119175009999873e-01
4.942384097940000220e-01
6.314270890859999819e-01
8.263304842699999986e-01
7.801250025310000336e-01
7.408319504650000553e-01
7.566785345090000225e-01
7.726355561109999881e-01
7.527599763060000004e-01
7.268508856380000438e-01
8.637349203430000344e-01
1.038286220390000070e+00
1.258544513309999946e+00
1.585840178350000018e+00
1.618428895689999925e+00
1.570486369029999940e+00
1.624292214920000088e+00
1.666697826670000104e+00
1.300595932700000068e+00
9.403697215670000498e-01
6.356460115330000438e-01
5.155473691940000158e-01
4.579805424060000019e-01
4.451824033149999749e-01
4.480190487190000015e-01
5.071648572429999779e-01
6.435634968960000091e-01
8.263304842699999986e-01
7.801250025310000336e-01
7.408319504650000553e-01
7.566785345090000225e-01
7.726355561109999881e-01
7.527599763060000004e-01
7.701442207140000162e-01
9.806203853020000194e-01
1.179302951659999987e+00
1.429458966039999890e+00
1.808721783700000030e+00
1.805477095539999910e+00
1.707615790640000020e+00
1.688995021310000011e+00
1.738426861490000030e+00
1.367998379559999922e+00
9.403697215670000498e-01
6.356460115330000438e-01
5.116003451180000106e-01
4.553693039789999952e-01
4.438169991429999905e-01
4.434144595219999818e-01
4.983242038640000038e-01
6.309426009290000081e-01
8.051691223500000438e-01
7.476877016380000240e-01
6.958008919989999708e-01
7.057623052200000524e-01
7.201467965919999825e-01
7.049494702149999847e-01
7.560103918910000553e-01
9.703738156979999641e-01
1.176754995010000027e+00
1.469590503789999891e+00
1.875051624159999930e+00
1.851372556320000085e+00
1.777838068639999936e+00
1.827107301759999913e+00
1.831704764970000010e+00
1.361252822950000052e+00
9.248348762310000248e-01
6.290723284560000295e-01
5.075704908560000339e-01
4.555814057450000010e-01
4.440291009089999963e-01
4.426528636520000171e-01
4.908487061130000217e-01
6.392538400559999445e-01
8.509108829649999484e-01
7.879857973380000047e-01
7.097991689829999951e-01
7.136805116790000403e-01
7.280650030509999704e-01
7.128676766729999947e-01
6.911810595820000458e-01
6.821953768070000423e-01
7.336217417449999445e-01
9.325633468459999520e-01
1.230529061829999993e+00
1.332369984779999905e+00
1.377354930979999947e+00
1.556857099509999953e+00
1.620252042189999964e+00
1.236433507100000107e+00
9.244107541430000019e-01
6.252546188309999753e-01
5.075704908560000339e-01
4.555814057450000010e-01
4.440291009089999963e-01
4.426528636520000171e-01
4.908487061130000217e-01
6.392538400559999445e-01
8.509108829649999484e-01
7.879857973380000047e-01
7.097991689829999951e-01
7.136805116790000403e-01
7.280650030509999704e-01
7.128676766729999947e-01
6.911810595820000458e-01
6.821953768070000423e-01
8.049370176550000311e-01
1.055288892909999943e+00
1.388619359620000049e+00
1.497334665359999928e+00
1.518869935539999938e+00
1.526766331249999942e+00
1.520291740420000037e+00
1.217223268659999968e+00
9.244107541430000019e-01
6.252546188309999753e-01
5.075704908560000339e-01
4.555814057450000010e-01
4.440291009089999963e-01
4.426528636520000171e-01
4.908487061130000217e-01
6.392538400559999445e-01
8.509108829649999484e-01
7.879857973380000047e-01
7.097991689829999951e-01
7.136805116790000403e-01
7.280650030509999704e-01
7.128676766729999947e-01
6.911810595820000458e-01
6.821953768070000423e-01
7.485308123789999879e-01
9.519017482499999572e-01
1.294051797889999911e+00
1.418724796300000035e+00
1.444201749120000100e+00
1.629213603710000013e+00
1.695233170959999924e+00
1.271737611240000065e+00
9.244107541430000019e-01
6.252546188309999753e-01
5.075704908560000339e-01
4.555814057450000010e-01
4.440291009089999963e-01
4.426528636520000171e-01
4.908487061130000217e-01
6.392538400559999445e-01
8.509108829649999484e-01
7.879857973380000047e-01
7.097991689829999951e-01
7.136805116790000403e-01
7.280650030509999704e-01
7.128676766729999947e-01
6.911810595820000458e-01
6.821953768070000423e-01
7.056140547720000100e-01
8.094277846330000248e-01
9.889157063200000319e-01
1.089275002249999957e+00
1.167986824079999986e+00
1.386551149240000003e+00
1.520291740420000037e+00
1.217223268659999968e+00
9.244107541430000019e-01
6.252546188309999753e-01
5.115175149320000392e-01
4.581926441720000076e-01
4.453945050809999806e-01
4.453240192680000265e-01
4.949453987140000066e-01
6.498793522739999551e-01
8.720722448850000141e-01
8.204230982300000363e-01
7.548302274489999686e-01
7.645967409680000104e-01
7.805537625699999760e-01
7.606781827640000104e-01
7.347690920970000317e-01
7.213209489820000542e-01
7.426730276280000265e-01
8.453457038799999657e-01
1.150559611230000057e+00
1.320360294299999904e+00
1.408520004849999951e+00
1.562259862699999946e+00
1.669799990790000077e+00
1.245516480580000085e+00
9.399455994790000268e-01
6.318283019079999896e-01
5.115175149320000392e-01
4.581926441720000076e-01
4.453945050809999806e-01
4.453240192680000265e-01
4.949453987140000066e-01
6.498793522739999551e-01
8.720722448850000141e-01
8.204230982300000363e-01
7.548302274489999686e-01
7.645967409680000104e-01
7.805537625699999760e-01
7.606781827640000104e-01
7.347690920970000317e-01
8.105229166840000055e-01
1.045953796540000091e+00
1.287215492809999917e+00
1.722351107359999967e+00
1.775433029460000034e+00
1.765773811110000091e+00
1.864404865720000082e+00
1.843803729470000041e+00
1.378093962759999958e+00
9.518323422650000198e-01
6.318283019079999896e-01
5.075704908560000339e-01
4.555814057450000010e-01
4.440291009089999963e-01
4.426528636520000171e-01
4.908487061130000217e-01
6.392538400559999445e-01
8.509108829649999484e-01
7.879857973380000047e-01
7.097991689829999951e-01
7.136805116790000403e-01
7.280650030509999704e-01
7.128676766729999947e-01
6.911810595820000458e-01
7.863352840120000353e-01
1.028637135010000092e+00
1.268650336040000104e+00
1.612403645999999968e+00
1.679672782439999956e+00
1.659145384809999957e+00
1.704891309550000011e+00
1.594322019490000075e+00
1.217223268659999968e+00
9.244107541430000019e-01
6.252546188309999753e-01
5.075704908560000339e-01
4.555814057450000010e-01
4.440291009089999963e-01
4.426528636520000171e-01
4.908487061130000217e-01
6.392538400559999445e-01
8.509108829649999484e-01
7.879857973380000047e-01
7.097991689829999951e-01
7.136805116790000403e-01
7.280650030509999704e-01
7.128676766729999947e-01
6.911810595820000458e-01
6.821953768070000423e-01
7.745157614140000257e-01
1.058955546690000027e+00
1.451282493619999947e+00
1.557298533119999995e+00
1.573399916759999906e+00
1.644736285140000032e+00
1.678953137769999993e+00
1.234264587039999972e+00
9.244107541430000019e-01
6.252546188309999753e-01
5.075704908560000339e-01
4.555814057450000010e-01
4.440291009089999963e-01
4.426528636520000171e-01
4.908487061130000217e-01
6.392538400559999445e-01
8.509108829649999484e-01
7.879857973380000047e-01
7.097991689829999951e-01
7.136805116790000403e-01
7.280650030509999704e-01
7.128676766729999947e-01
6.911810595820000458e-01
8.223930346390000423e-01
1.010073878870000108e+00
1.256476422029999984e+00
1.638811377869999975e+00
1.692074696089999941e+00
1.674537101349999890e+00
1.553973167599999927e+00
1.561841314160000049e+00
1.217223268659999968e+00
9.244107541430000019e-01
6.252546188309999753e-01
5.075704908560000339e-01
4.555814057450000010e-01
4.440291009089999963e-01
4.426528636520000171e-01
4.908487061130000217e-01
6.392538400559999445e-01
8.509108829649999484e-01
7.879857973380000047e-01
7.097991689829999951e-01
7.136805116790000403e-01
7.280650030509999704e-01
7.128676766729999947e-01
7.174351991920000504e-01
9.470736533760000242e-01
1.135831698829999903e+00
1.344109568799999987e+00
1.730137764770000031e+00
1.771216002869999917e+00
1.664021135869999890e+00
1.721007152999999956e+00
1.742352626560000006e+00
1.287901737689999937e+00
9.244107541430000019e-01
6.252546188309999753e-01
5.075704908560000339e-01
4.555814057450000010e-01
4.440291009089999963e-01
4.426528636520000171e-01
4.908487061130000217e-01
6.392538400559999445e-01
8.509108829649999484e-01
7.879857973380000047e-01
7.097991689829999951e-01
7.136805116790000403e-01
7.280650030509999704e-01
7.128676766729999947e-01
7.794239526770000426e-01
9.928785760760000523e-01
1.219930220319999981e+00
1.426055246950000077e+00
1.834004844939999934e+00
1.864282333410000048e+00
1.733290377869999954e+00
1.653321019430000094e+00
1.638903910880000092e+00
1.253803472600000024e+00
9.244107541430000019e-01
6.252546188309999753e-01
4.887620446029999899e-01
4.430382305319999769e-01
4.373468844189999927e-01
4.301258549870000114e-01
4.707999076959999973e-01
5.882679066799999523e-01
7.510515847290000213e-01
6.330849715030000269e-01
4.973854707600000036e-01
5.440913571040000285e-01
6.449553709690000192e-01
8.212728884369999705e-01
1.036953641109999991e+00
1.289373669379999976e+00
1.457037962390000052e+00
1.594595197050000079e+00
2.028545200529999981e+00
1.833164567629999908e+00
1.796861191449999895e+00
1.849820234000000063e+00
1.886895626859999897e+00
1.450035554969999918e+00
1.167212451239999949e+00
7.916872287920000417e-01
5.590116731909999803e-01
4.430382305319999769e-01
4.373468844189999927e-01
4.301258549870000114e-01
4.707999076959999973e-01
5.882679066799999523e-01
7.510515847290000213e-01
6.330849715030000269e-01
4.973854707600000036e-01
4.763505225870000026e-01
4.851229238429999868e-01
5.363089785029999668e-01
6.479403909780000470e-01
8.105836986590000404e-01
9.881993379600000349e-01
1.167959433240000067e+00
1.568347504929999969e+00
1.557016729209999895e+00
1.436223832270000056e+00
1.522433482320000087e+00
1.624362516930000000e+00
1.205199855889999894e+00
8.497368158539999605e-01
5.932618918490000226e-01
4.887620446029999899e-01
4.430382305319999769e-01
4.373468844189999927e-01
4.301258549870000114e-01
4.707999076959999973e-01
5.882679066799999523e-01
7.510515847290000213e-01
6.330849715030000269e-01
4.973854707600000036e-01
4.763505225870000026e-01
4.851229238429999868e-01
5.539494036590000281e-01
7.305740898120000049e-01
9.649227390539999449e-01
1.161425908080000013e+00
1.380444056249999996e+00
1.718824114220000032e+00
1.654693292739999988e+00
1.551138912060000097e+00
1.566927216689999902e+00
1.591681386679999921e+00
1.179533242300000007e+00
8.497368158539999605e-01
5.932618918490000226e-01
4.887620446029999899e-01
4.430382305319999769e-01
4.373468844189999927e-01
4.301258549870000114e-01
4.707999076959999973e-01
5.882679066799999523e-01
7.510515847290000213e-01
6.330849715030000269e-01
4.973854707600000036e-01
4.763505225870000026e-01
4.851229238429999868e-01
5.749235029700000554e-01
7.647440790249999676e-01
1.006118775760000084e+00
1.180293241620000044e+00
1.402779545030000019e+00
1.796957583880000042e+00
1.719680204209999896e+00
1.547160264970000032e+00
1.599444244420000105e+00
1.645083874370000032e+00
1.203577560650000100e+00
8.497368158539999605e-01
5.932618918490000226e-01
4.887620446029999899e-01
4.430382305319999769e-01
4.373468844189999927e-01
4.301258549870000114e-01
4.707999076959999973e-01
5.882679066799999523e-01
7.510515847290000213e-01
6.330849715030000269e-01
4.973854707600000036e-01
4.763505225870000026e-01
5.155955569010000072e-01
7.677025038429999837e-01
9.820141101939999784e-01
1.210880766230000072e+00
1.337648895190000076e+00
1.594869945949999979e+00
1.949164787409999988e+00
1.834145491009999906e+00
1.623386879759999957e+00
1.694421517529999921e+00
1.745891230350000045e+00
1.333511587630000106e+00
9.727356833079999765e-01
5.932618918490000226e-01
4.887620446029999899e-01
4.430382305319999769e-01
4.373468844189999927e-01
4.301258549870000114e-01
4.707999076959999973e-01
5.882679066799999523e-01
7.510515847290000213e-01
6.330849715030000269e-01
4.973854707600000036e-01
4.763505225870000026e-01
4.851229238429999868e-01
5.007944423650000365e-01
6.170988577139999709e-01
7.865428529369999922e-01
9.364989544720000447e-01
1.112716267209999943e+00
1.371735773289999960e+00
1.402741612920000103e+00
1.389442766479999980e+00
1.527330525520000037e+00
1.525145939309999976e+00
1.163631910979999962e+00
8.912700450789999840e-01
5.932618918490000226e-01
4.887620446029999899e-01
4.430382305319999769e-01
4.373468844189999927e-01
4.301258549870000114e-01
4.707999076959999973e-01
5.882679066799999523e-01
7.510515847290000213e-01
6.330849715030000269e-01
4.973854707600000036e-01
4.763505225870000026e-01
4.851229238429999868e-01
4.920088383319999870e-01
4.883663698660000163e-01
5.007823642850000034e-01
5.337375744879999662e-01
6.423728375959999459e-01
8.254147889449999775e-01
9.527123954680000173e-01
1.001013896979999984e+00
1.215403532440000101e+00
1.349776520900000110e+00
1.083157149250000062e+00
8.497368158539999605e-01
5.932618918490000226e-01
5.115175149320000392e-01
4.581926441720000076e-01
4.453945050809999806e-01
4.453240192680000265e-01
4.949453987140000066e-01
6.498793522739999551e-01
8.720722448850000141e-01
8.204230982300000363e-01
7.548302274489999686e-01
7.645967409680000104e-01
7.805537625699999760e-01
7.606781827640000104e-01
7.347690920970000317e-01
7.213209489820000542e-01
7.426730276280000265e-01
8.453457038799999657e-01
1.024267636540000082e+00
1.123585317789999927e+00
1.202231578269999934e+00
1.421406519570000082e+00
1.555898597889999957e+00
1.245516480580000085e+00
9.399455994790000268e-01
6.318283019079999896e-01
5.115175149320000392e-01
4.581926441720000076e-01
4.453945050809999806e-01
4.453240192680000265e-01
4.949453987140000066e-01
6.498793522739999551e-01
8.720722448850000141e-01
8.204230982300000363e-01
7.548302274489999686e-01
7.645967409680000104e-01
7.805537625699999760e-01
7.606781827640000104e-01
7.347690920970000317e-01
7.213209489820000542e-01
7.426730276280000265e-01
8.453457038799999657e-01
1.024267636540000082e+00
1.123585317789999927e+00
1.202231578269999934e+00
1.421406519570000082e+00
1.555898597889999957e+00
1.245516480580000085e+00
9.399455994790000268e-01
6.318283019079999896e-01
5.075704908560000339e-01
4.555814057450000010e-01
4.440291009089999963e-01
4.426528636520000171e-01
4.908487061130000217e-01
6.392538400559999445e-01
8.509108829649999484e-01
7.879857973380000047e-01
7.097991689829999951e-01
7.136805116790000403e-01
7.280650030509999704e-01
7.128676766729999947e-01
6.911810595820000458e-01
6.821953768070000423e-01
7.056140547720000100e-01
8.094277846330000248e-01
9.889157063200000319e-01
1.089275002249999957e+00
1.167986824079999986e+00
1.386551149240000003e+00
1.520291740420000037e+00
1.217223268659999968e+00
9.244107541430000019e-01
6.252546188309999753e-01
5.075704908560000339e-01
4.555814057450000010e-01
4.440291009089999963e-01
4.426528636520000171e-01
4.908487061130000217e-01
6.392538400559999445e-01
8.509108829649999484e-01
7.879857973380000047e-01
7.097991689829999951e-01
7.136805116790000403e-01
7.280650030509999704e-01
7.128676766729999947e-01
6.911810595820000458e-01
6.821953768070000423e-01
7.056140547720000100e-01
8.094277846330000248e-01
9.889157063200000319e-01
1.089275002249999957e+00
1.167986824079999986e+00
1.386551149240000003e+00
1.520291740420000037e+00
1.217223268659999968e+00
9.244107541430000019e-01
6.252546188309999753e-01
5.075704908560000339e-01
4.555814057450000010e-01
4.440291009089999963e-01
4.426528636520000171e-01
4.908487061130000217e-01
6.392538400559999445e-01
8.509108829649999484e-01
7.879857973380000047e-01
7.097991689829999951e-01
7.136805116790000403e-01
7.280650030509999704e-01
7.128676766729999947e-01
6.911810595820000458e-01
6.821953768070000423e-01
7.056140547720000100e-01
8.094277846330000248e-01
9.889157063200000319e-01
1.089275002249999957e+00
1.167986824079999986e+00
1.386551149240000003e+00
1.520291740420000037e+00
1.217223268659999968e+00
9.244107541430000019e-01
6.252546188309999753e-01
5.075704908560000339e-01
4.555814057450000010e-01
4.440291009089999963e-01
4.426528636520000171e-01
4.908487061130000217e-01
6.392538400559999445e-01
8.509108829649999484e-01
7.879857973380000047e-01
7.097991689829999951e-01
7.136805116790000403e-01
7.280650030509999704e-01
7.128676766729999947e-01
6.911810595820000458e-01
6.821953768070000423e-01
7.056140547720000100e-01
8.094277846330000248e-01
9.889157063200000319e-01
1.089275002249999957e+00
1.167986824079999986e+00
1.386551149240000003e+00
1.520291740420000037e+00
1.217223268659999968e+00
9.244107541430000019e-01
6.252546188309999753e-01
5.075704908560000339e-01
4.555814057450000010e-01
4.440291009089999963e-01
4.426528636520000171e-01
4.908487061130000217e-01
6.392538400559999445e-01
8.509108829649999484e-01
7.879857973380000047e-01
7.097991689829999951e-01
7.136805116790000403e-01
7.280650030509999704e-01
7.128676766729999947e-01
6.911810595820000458e-01
6.821953768070000423e-01
7.056140547720000100e-01
8.094277846330000248e-01
9.889157063200000319e-01
1.089275002249999957e+00
1.167986824079999986e+00
1.386551149240000003e+00
1.520291740420000037e+00
1.217223268659999968e+00
9.244107541430000019e-01
6.252546188309999753e-01
5.115175149320000392e-01
4.581926441720000076e-01
4.453945050809999806e-01
4.453240192680000265e-01
4.949453987140000066e-01
6.498793522739999551e-01
8.720722448850000141e-01
8.204230982300000363e-01
7.548302274489999686e-01
7.645967409680000104e-01
7.805537625699999760e-01
7.606781827640000104e-01
7.347690920970000317e-01
7.213209489820000542e-01
7.426730276280000265e-01
9.768095151950000332e-01
1.429155999080000017e+00
1.462109559169999962e+00
1.480749613570000012e+00
1.622105831310000079e+00
1.656746465589999939e+00
1.253411387949999956e+00
9.399455994790000268e-01
6.318283019079999896e-01
5.115175149320000392e-01
4.581926441720000076e-01
4.453945050809999806e-01
4.453240192680000265e-01
4.949453987140000066e-01
6.498793522739999551e-01
8.720722448850000141e-01
8.204230982300000363e-01
7.548302274489999686e-01
7.645967409680000104e-01
7.805537625699999760e-01
7.606781827640000104e-01
7.347690920970000317e-01
7.500015309469999503e-01
8.771355216420000378e-01
1.073862892279999981e+00
1.360723955679999930e+00
1.449909230090000056e+00
1.457050917359999920e+00
1.556352520549999952e+00
1.610441897270000089e+00
1.245516480580000085e+00
9.399455994790000268e-01
6.318283019079999896e-01
5.075704908560000339e-01
4.555814057450000010e-01
4.440291009089999963e-01
4.426528636520000171e-01
4.908487061130000217e-01
6.392538400559999445e-01
8.509108829649999484e-01
7.879857973380000047e-01
7.097991689829999951e-01
7.136805116790000403e-01
7.280650030509999704e-01
7.128676766729999947e-01
6.911810595820000458e-01
6.821953768070000423e-01
7.056140547720000100e-01
8.094277846330000248e-01
9.889157063200000319e-01
1.089275002249999957e+00
1.167986824079999986e+00
1.386551149240000003e+00
1.520291740420000037e+00
1.217223268659999968e+00
9.244107541430000019e-01
6.252546188309999753e-01
5.075704908560000339e-01
4.555814057450000010e-01
4.440291009089999963e-01
4.426528636520000171e-01
4.908487061130000217e-01
6.392538400559999445e-01
8.509108829649999484e-01
7.879857973380000047e-01
7.097991689829999951e-01
7.136805116790000403e-01
7.280650030509999704e-01
7.128676766729999947e-01
6.911810595820000458e-01
6.821953768070000423e-01
7.194368742300000230e-01
9.249058254859999773e-01
1.277158574260000012e+00
1.362090127229999892e+00
1.369010831250000004e+00
1.551215217490000020e+00
1.578855768399999970e+00
1.217223268659999968e+00
9.244107541430000019e-01
6.252546188309999753e-01
5.075704908560000339e-01
4.555814057450000010e-01
4.440291009089999963e-01
4.426528636520000171e-01
4.908487061130000217e-01
6.392538400559999445e-01
8.509108829649999484e-01
7.879857973380000047e-01
7.097991689829999951e-01
7.136805116790000403e-01
7.280650030509999704e-01
7.128676766729999947e-01
6.911810595820000458e-01
7.148719342699999535e-01
8.259718387079999502e-01
1.029251021609999928e+00
1.364112642320000068e+00
1.421876098430000068e+00
1.403781131079999911e+00
1.386551149240000003e+00
1.520291740420000037e+00
1.217223268659999968e+00
9.244107541430000019e-01
6.252546188309999753e-01
5.075704908560000339e-01
4.555814057450000010e-01
4.440291009089999963e-01
4.426528636520000171e-01
4.908487061130000217e-01
6.392538400559999445e-01
8.509108829649999484e-01
7.879857973380000047e-01
7.097991689829999951e-01
7.136805116790000403e-01
7.280650030509999704e-01
7.128676766729999947e-01
6.911810595820000458e-01
6.821953768070000423e-01
7.056140547720000100e-01
8.289242900119999646e-01
1.110419161700000101e+00
1.231552578869999914e+00
1.263639316829999970e+00
1.404360804019999964e+00
1.520291740420000037e+00
1.217223268659999968e+00
9.244107541430000019e-01
6.252546188309999753e-01
5.105364379200000302e-01
4.609242393469999977e-01
4.660963659240000001e-01
4.814008630150000134e-01
5.403790654550000294e-01
7.161784051999999789e-01
9.470402055509999917e-01
8.688590605810000422e-01
7.446024536230000379e-01
7.354007505599999828e-01
7.497207781800000470e-01
7.344375644189999885e-01
7.128907273600000316e-01
8.981622257720000002e-01
1.081774450489999984e+00
1.297668605539999964e+00
1.668619727250000073e+00
1.708167118700000042e+00
1.716331129420000101e+00
1.775741583909999921e+00
1.529184659940000079e+00
1.226484161089999914e+00
9.323245762759999611e-01
6.279429487640000307e-01
5.144834619949999466e-01
4.593400384960000249e-01
4.620027652609999813e-01
4.757567723889999933e-01
5.369524358080000059e-01
7.115343623459999822e-01
9.576402929039999901e-01
8.949061151010000437e-01
7.858491925149999613e-01
7.863169798500000418e-01
8.022095376990000526e-01
7.822480705100000042e-01
8.194362995049999654e-01
1.056154689430000015e+00
1.244526891170000038e+00
1.474268795069999971e+00
1.873759222269999913e+00
1.916059060480000076e+00
1.928028681230000041e+00
2.104793679220000158e+00
1.810984916220000018e+00
1.349697268449999932e+00
9.478594216119999860e-01
6.345166318410000450e-01
5.144834619949999466e-01
4.590736129349999861e-01
4.462571107319999730e-01
4.480651233769999964e-01
4.975693754080000031e-01
6.809668916190000365e-01
9.332789755920000152e-01
8.819150939769999642e-01
7.858491925149999613e-01
7.863169798500000418e-01
8.022095376990000526e-01
7.822480705100000042e-01
7.564787598750000175e-01
7.431216011050000292e-01
8.980856043849999581e-01
1.138360166620000058e+00
1.562245826370000090e+00
1.601260390019999980e+00
1.716279407720000094e+00
1.882393722910000067e+00
1.749925270260000110e+00
1.363771762010000055e+00
9.478594216119999860e-01
6.345166318410000450e-01
5.105364379200000302e-01
4.564623745079999795e-01
4.448917065599999887e-01
4.434344145520000002e-01
4.926981224590000208e-01
6.628170448260000125e-01
9.121176136719999494e-01
8.494777930850000436e-01
7.408181340489999878e-01
7.354007505599999828e-01
7.497207781800000470e-01
7.344375644189999885e-01
7.128907273600000316e-01
7.757969359249999863e-01
9.214208985430000221e-01
1.092357582290000018e+00
1.361025351939999961e+00
1.518920954699999992e+00
1.622453958129999929e+00
1.677814663409999962e+00
1.529184659940000079e+00
1.226484161089999914e+00
9.323245762759999611e-01
6.279429487640000307e-01
5.105364379200000302e-01
4.564623745079999795e-01
4.448917065599999887e-01
4.434344145520000002e-01
4.926981224590000208e-01
6.628170448260000125e-01
9.121176136719999494e-01
8.494777930850000436e-01
7.408181340489999878e-01
7.354007505599999828e-01
7.497207781800000470e-01
7.344375644189999885e-01
7.128907273600000316e-01
7.039960289300000174e-01
7.273725469749999784e-01
8.376299430300000459e-01
1.043938554899999982e+00
1.210355192740000030e+00
1.366305153619999935e+00
1.611762256820000072e+00
1.529184659940000079e+00
1.226484161089999914e+00
9.323245762759999611e-01
6.279429487640000307e-01
5.197265961750000551e-01
4.836351955870000219e-01
4.893721141060000113e-01
5.026624700370000420e-01
5.626247089779999877e-01
7.338528004340000299e-01
9.752715560889999580e-01
8.939896447959999604e-01
7.732499011619999862e-01
7.505321135570000024e-01
7.497207781800000470e-01
7.344375644189999885e-01
7.128907273600000316e-01
7.039960289300000174e-01
7.273725469749999784e-01
8.376299430300000459e-01
1.043938554899999982e+00
1.209098427310000057e+00
1.366305153619999935e+00
1.611762256820000072e+00
1.529184659940000079e+00
1.226484161089999914e+00
9.323245762759999611e-01
6.279429487640000307e-01
5.105364379200000302e-01
4.564623745079999795e-01
4.524632324580000198e-01
4.600663301299999786e-01
5.139940039410000328e-01
6.950622931369999646e-01
9.448779712799999508e-01
8.796182120700000162e-01
7.756115886679999516e-01
7.861531950390000523e-01
7.886676262220000400e-01
7.714813000500000406e-01
7.477260309090000279e-01
7.375383962370000157e-01
7.601134132800000387e-01
8.640053784619999844e-01
1.078893406599999993e+00
1.225735124220000083e+00
1.377889289000000073e+00
1.621815040790000051e+00
1.543670378889999917e+00
1.249688125470000077e+00
9.696631323809999925e-01
6.787402689179999893e-01
5.721687317070000001e-01
5.273111568249999603e-01
5.240848707880000346e-01
5.266523458549999814e-01
5.768026275900000055e-01
7.428728765700000070e-01
9.838328145679999803e-01
9.151605305259999934e-01
7.977696709649999551e-01
7.940308794170000128e-01
7.817922781770000329e-01
7.525719790070000137e-01
7.169056332019999589e-01
7.039960289300000174e-01
7.273725469749999784e-01
8.376299430300000459e-01
1.043938554899999982e+00
1.209098427310000057e+00
1.366305153619999935e+00
1.611762256820000072e+00
1.529184659940000079e+00
1.226484161089999914e+00
9.425510519469999515e-01
6.565680795920000312e-01
5.601026444529999537e-01
5.195263394100000376e-01
5.194141559460000446e-01
5.277020397780000094e-01
5.877409232839999609e-01
7.612542954880000545e-01
1.013695133399999948e+00
9.442758891100000440e-01
8.242316140669999625e-01
7.960114351810000377e-01
8.022095376990000526e-01
7.822480705100000042e-01
7.564787598750000175e-01
7.431216011050000292e-01
7.644315198300000169e-01
8.735478622779999647e-01
1.079290485120000032e+00
1.243408742850000026e+00
1.400549907810000105e+00
1.646617627139999929e+00
1.564791517409999999e+00
1.254777373020000031e+00
9.478594216119999860e-01
6.345166318410000450e-01
5.144834619949999466e-01
4.683907971499999823e-01
4.719885952969999909e-01
4.865059004230000150e-01
5.441566507459999480e-01
7.280396065559999741e-01
9.744951776550000444e-01
9.124117093169999970e-01
7.984770583160000212e-01
7.863169798500000418e-01
8.022095376990000526e-01
7.822480705100000042e-01
7.564787598750000175e-01
7.431216011050000292e-01
7.731531814950000081e-01
9.479044531620000047e-01
1.263684613939999979e+00
1.454515412749999959e+00
1.536452995259999899e+00
1.683996289870000052e+00
1.564791517409999999e+00
1.254777373020000031e+00
9.478594216119999860e-01
6.345166318410000450e-01
5.105364379200000302e-01
4.634230974079999732e-01
4.684225534090000198e-01
4.796150218360000217e-01
5.325600003129999926e-01
7.095864403430000023e-01
9.473812072449999677e-01
8.768196869759999901e-01
7.487963612910000233e-01
7.354007505599999828e-01
7.497207781800000470e-01
7.344375644189999885e-01
7.128907273600000316e-01
7.077461771680000346e-01
8.452466170229999687e-01
1.066336690620000027e+00
1.391263735299999915e+00
1.516668187520000100e+00
1.404408782660000021e+00
1.683007140520000000e+00
1.529184659940000079e+00
1.226484161089999914e+00
9.323245762759999611e-01
6.279429487640000307e-01
5.105364379200000302e-01
4.623756220970000053e-01
4.669030639810000105e-01
4.800453681090000035e-01
5.369426539439999813e-01
7.127382960970000125e-01
9.462387325009999905e-01
8.722475736210000274e-01
7.486572071189999678e-01
7.354007505599999828e-01
7.497207781800000470e-01
7.344375644189999885e-01
7.128907273600000316e-01
7.942874219559999949e-01
9.676215109800000436e-01
1.206743391400000087e+00
1.590941712630000060e+00
1.700239994309999947e+00
1.653329697049999991e+00
1.786165966340000022e+00
1.529184659940000079e+00
1.226484161089999914e+00
9.323245762759999611e-01
6.279429487640000307e-01
5.117772996630000071e-01
4.730835058249999725e-01
4.796132410239999921e-01
4.940011937989999824e-01
5.588578899749999662e-01
7.310695390960000317e-01
9.646295976850000065e-01
8.845708493730000122e-01
7.578692671690000493e-01
7.354007505599999828e-01
7.497207781800000470e-01
7.344375644189999885e-01
7.128907273600000316e-01
7.601609055169999962e-01
9.476069776890000407e-01
1.191797854350000074e+00
1.557760791410000012e+00
1.669969377269999944e+00
1.527157856030000094e+00
1.713939445180000076e+00
1.570389391440000004e+00
1.226484161089999914e+00
9.323245762759999611e-01
6.279429487640000307e-01
5.105364379200000302e-01
4.583037638960000271e-01
4.615169933950000192e-01
4.752042397449999789e-01
5.348734260320000544e-01
7.094183747929999617e-01
9.456997343999999917e-01
8.743526487749999632e-01
7.488721785840000145e-01
7.354007505599999828e-01
7.497207781800000470e-01
7.344375644189999885e-01
7.128907273600000316e-01
8.275451745690000083e-01
9.995462721769999836e-01
1.197868463460000088e+00
1.558574366870000061e+00
1.623399565960000013e+00
1.643304617879999929e+00
1.755199363980000093e+00
1.529184659940000079e+00
1.226484161089999914e+00
9.323245762759999611e-01
6.279429487640000307e-01
5.105364379200000302e-01
4.655981176589999992e-01
4.716012848269999780e-01
4.842141977080000048e-01
5.427940131970000470e-01
7.151034665529999446e-01
9.496145523790000542e-01
8.764972061429999739e-01
7.505263436279999700e-01
7.354007505599999828e-01
7.497207781800000470e-01
7.344375644189999885e-01
7.128907273600000316e-01
7.891176187359999483e-01
9.810214095070000084e-01
1.232022078610000015e+00
1.644164726180000091e+00
1.608325982800000054e+00
1.668601052479999902e+00
1.840582342340000066e+00
1.617736782119999939e+00
1.226484161089999914e+00
9.323245762759999611e-01
6.279429487640000307e-01
5.144834619949999466e-01
4.590736129349999861e-01
4.579325602409999862e-01
4.749261630109999910e-01
5.336968726199999846e-01
7.146371020620000403e-01
9.703796966509999899e-01
9.027791681369999877e-01
7.887597550489999776e-01
7.863169798500000418e-01
8.022095376990000526e-01
7.822480705100000042e-01
7.564787598750000175e-01
9.477343735090000276e-01
1.146814096549999995e+00
1.365368189440000046e+00
1.766881641399999925e+00
1.830470520089999997e+00
1.810333217229999958e+00
1.896297635600000087e+00
1.654820714700000028e+00
1.254777373020000031e+00
9.478594216119999860e-01
6.345166318410000450e-01
5.144834619949999466e-01
4.590736129349999861e-01
4.514215056270000082e-01
4.678132223340000229e-01
5.304486038419999883e-01
7.120078517069999835e-01
9.644651481060000364e-01
9.070132775079999821e-01
7.982728383849999609e-01
7.863169798500000418e-01
8.022095376990000526e-01
7.822480705100000042e-01
7.564787598750000175e-01
7.431216011050000292e-01
7.711618256450000208e-01
9.646055245169999903e-01
1.320676558770000009e+00
1.464052284210000110e+00
1.641282250880000015e+00
1.727612239940000016e+00
1.564791517409999999e+00
1.254777373020000031e+00
9.478594216119999860e-01
6.345166318410000450e-01
5.105364379200000302e-01
4.598081838849999992e-01
4.624793658240000105e-01
4.751029778779999879e-01
5.387487660430000380e-01
7.237716695420000068e-01
9.549792525510000241e-01
8.811862269750000420e-01
7.587711256129999748e-01
7.412458723699999474e-01
7.497207781800000470e-01
7.344375644189999885e-01
7.128907273600000316e-01
7.039960289300000174e-01
7.273725469749999784e-01
8.376299430300000459e-01
1.043938554899999982e+00
1.209098427310000057e+00
1.366305153619999935e+00
1.611762256820000072e+00
1.529184659940000079e+00
1.226484161089999914e+00
9.323245762759999611e-01
6.279429487640000307e-01
5.195503258310000261e-01
4.826107031910000233e-01
4.882414557520000087e-01
4.990736905479999930e-01
5.549730422090000115e-01
7.335012727040000069e-01
9.689603018869999973e-01
8.944184179320000538e-01
7.779980043399999934e-01
7.760949626499999976e-01
7.737458479750000118e-01
7.482071189869999861e-01
7.213168190500000021e-01
7.039960289300000174e-01
7.273725469749999784e-01
8.376299430300000459e-01
1.043938554899999982e+00
1.209098427310000057e+00
1.366305153619999935e+00
1.612998821939999994e+00
1.540784713699999919e+00
1.258270541049999913e+00
9.807076285589999554e-01
6.952490924599999955e-01
5.934698838259999665e-01
5.520804396630000221e-01
5.512725897950000453e-01
5.624784195540000198e-01
6.147838897920000489e-01
7.898260241679999627e-01
1.023264717150000003e+00
9.356324766310000207e-01
8.010943976319999660e-01
7.718400908229999802e-01
7.601841430539999500e-01
7.344375644189999885e-01
7.128907273600000316e-01
7.039960289300000174e-01
7.273725469749999784e-01
8.376299430300000459e-01
1.043938554899999982e+00
1.209098427310000057e+00
1.366305153619999935e+00
1.611762256820000072e+00
1.531507871479999894e+00
1.240208396779999944e+00
9.660179192500000234e-01
6.820552900520000517e-01
5.813768875999999475e-01
5.401372122590000213e-01
5.388566274810000500e-01
5.440806361400000180e-01
5.987704970299999596e-01
7.820225228079999980e-01
1.009373944970000103e+00
9.288315127659999559e-01
7.961193889490000286e-01
7.753710141920000520e-01
7.565697613409999578e-01
7.344375644189999885e-01
7.128907273600000316e-01
7.039960289300000174e-01
7.273725469749999784e-01
8.376299430300000459e-01
1.043938554899999982e+00
1.209098427310000057e+00
1.366305153619999935e+00
1.611762256820000072e+00
1.529184659940000079e+00
1.239245215970000036e+00
9.712171506029999568e-01
6.879861529190000047e-01
5.876011499409999894e-01
5.458553012160000106e-01
5.427617095690000504e-01
5.472528666299999456e-01
5.997104872109999540e-01
7.777389297079999597e-01
1.003903603709999981e+00
9.276876321639999645e-01
8.013049028399999996e-01
7.884835754119999818e-01
7.734674964719999712e-01
7.382443091620000120e-01
7.128907273600000316e-01
7.039960289300000174e-01
7.273725469749999784e-01
8.376299430300000459e-01
1.043938554899999982e+00
1.209098427310000057e+00
1.366305153619999935e+00
1.611762256820000072e+00
1.529184659940000079e+00
1.227414423569999968e+00
9.460630497699999975e-01
6.583953754189999508e-01
5.600768789190000430e-01
5.162276380070000004e-01
5.123982203039999517e-01
5.164524895709999841e-01
5.688698157399999511e-01
7.539863089730000079e-01
9.983672758310000450e-01
9.364994541950000251e-01
8.234804178229999660e-01
8.080822758429999642e-01
8.022095376990000526e-01
7.822480705100000042e-01
7.564787598750000175e-01
7.431216011050000292e-01
7.644315198300000169e-01
8.735478622779999647e-01
1.079290485120000032e+00
1.243408742850000026e+00
1.400549907810000105e+00
1.646617627139999929e+00
1.564791517409999999e+00
1.254777373020000031e+00
9.478594216119999860e-01
6.345166318410000450e-01
5.177374067979999550e-01
4.758927245490000013e-01
4.769992405519999923e-01
4.888555916510000099e-01
5.493294218580000443e-01
7.248125095570000509e-01
9.787695750520000182e-01
9.183138925160000410e-01
8.050242800889999550e-01
7.877973565370000042e-01
8.022095376990000526e-01
7.822480705100000042e-01
7.564787598750000175e-01
7.473925956889999611e-01
8.049064624720000394e-01
9.965394840100000318e-01
1.243540474750000069e+00
1.357046484989999913e+00
1.466844526120000047e+00
1.646617627139999929e+00
1.564791517409999999e+00
1.254777373020000031e+00
9.478594216119999860e-01
6.345166318410000450e-01
5.105364379200000302e-01
4.564623745079999795e-01
4.512355148269999727e-01
4.600005473039999737e-01
5.155517941299999629e-01
6.969150343040000362e-01
9.365579432749999711e-01
8.683432573539999755e-01
7.536810763810000147e-01
7.377410235110000158e-01
7.497207781800000470e-01
7.344375644189999885e-01
7.128907273600000316e-01
7.039960289300000174e-01
7.273725469749999784e-01
8.376299430300000459e-01
1.043938554899999982e+00
1.209098427310000057e+00
1.366305153619999935e+00
1.611762256820000072e+00
1.529184659940000079e+00
1.226484161089999914e+00
9.336481874890000254e-01
6.408168046040000343e-01
5.356105084279999540e-01
4.909130428949999847e-01
4.861819139810000245e-01
4.895912732480000029e-01
5.401943420920000127e-01
7.061821869559999909e-01
9.604507188869999545e-01
8.930049328429999766e-01
7.860989831610000200e-01
7.966757771810000222e-01
7.881073949400000389e-01
7.651668221440000028e-01
7.276505981940000201e-01
7.121814395059999914e-01
7.273725469749999784e-01
8.376299430300000459e-01
1.043938554899999982e+00
1.209098427310000057e+00
1.366305153619999935e+00
1.611762256820000072e+00
1.535544070680000095e+00
1.246341612489999973e+00
9.667656565969999782e-01
6.759494578800000486e-01
5.681189383910000279e-01
5.207585795579999788e-01
5.132020128219999533e-01
5.137122342969999700e-01
5.613366033119999710e-01
7.267265889030000148e-01
9.722631042260000411e-01
9.092022930419999538e-01
7.972601750879999560e-01
8.015928239980000258e-01
8.010966904909999631e-01
7.762586799940000004e-01
7.498124348939999573e-01
7.301318330989999827e-01
7.451536537389999992e-01
8.481502258859999754e-01
1.059958654959999969e+00
1.217298004469999917e+00
1.373993465060000085e+00
1.621828164679999906e+00
1.545129541799999950e+00
1.253624659289999999e+00
9.724029364749999793e-01
6.800803104329999904e-01
5.713420897709999835e-01
5.231616906379999987e-01
5.152698712350000099e-01
5.157672049579999918e-01
5.638477874449999705e-01
7.290877648679999767e-01
9.735423719439999513e-01
9.107042292520000082e-01
8.028837170989999716e-01
8.132820266379999774e-01
8.086812253940000028e-01
7.776727310940000359e-01
7.489024601339999698e-01
7.365178500810000140e-01
7.535280049829999882e-01
8.607374700140000279e-01
1.080631038649999986e+00
1.230779001239999948e+00
1.386995695830000042e+00
1.632621908209999972e+00
1.554000798179999920e+00
1.260264781120000066e+00
9.763430140679999480e-01
6.837854150669999687e-01
5.757735306640000550e-01
5.291866272449999853e-01
5.233124842909999686e-01
5.261496842070000346e-01
5.764156766500000417e-01
7.565875035469999954e-01
1.003671983280000068e+00
9.283823451249999525e-01
8.147332834660000467e-01
8.101118473989999957e-01
7.994141419729999809e-01
7.680160485850000551e-01
7.338748417020000137e-01
7.162199462680000073e-01
7.363950330780000275e-01
8.384691911539999820e-01
1.056420244999999980e+00
1.213826027030000088e+00
1.374137615490000019e+00
1.622802764910000084e+00
1.546360253950000097e+00
1.253108196969999977e+00
9.698151320150000254e-01
6.764109592879999910e-01
5.705170229179999941e-01
5.202611605729999811e-01
5.110489540589999713e-01
5.159348912329999592e-01
5.681542258809999524e-01
7.400107002710000215e-01
9.962809726379999731e-01
9.439250824679999985e-01
8.447918765849999900e-01
8.564040375720000098e-01
8.435069757530000434e-01
8.093696715320000123e-01
7.703576488040000392e-01
7.455790700269999682e-01
7.644315198300000169e-01
8.735478622779999647e-01
1.086604279359999925e+00
1.246539255719999906e+00
1.404675434640000109e+00
1.653938187879999910e+00
1.580986802119999979e+00
1.284823237329999923e+00
9.933582076129999772e-01
6.965596799509999881e-01
6.176744280200000548e-01
5.723304871709999908e-01
5.693764745410000438e-01
5.784267782019999471e-01
6.414574939749999594e-01
8.595632191590000248e-01
1.146762564749999935e+00
1.074274635230000108e+00
9.034147218089999543e-01
8.794712128249999594e-01
8.673067893210000268e-01
8.475499644109999453e-01
8.198834199179999560e-01
8.076716290350000049e-01
8.405755099959999477e-01
9.865554308120000337e-01
1.271278143380000003e+00
1.522768193899999956e+00
1.713663844620000098e+00
1.773950401350000039e+00
1.604206307149999899e+00
1.305609014370000098e+00
1.017241499440000085e+00
7.273079952209999810e-01
6.267165251659999603e-01
5.904932308510000283e-01
5.881078477460000009e-01
5.881268157879999681e-01
6.519923340330000539e-01
8.478566880760000091e-01
1.130699027689999969e+00
1.047984560259999975e+00
8.647380622360000269e-01
8.328533041900000322e-01
8.148906813680000250e-01
7.997394583200000406e-01
7.762953874029999701e-01
7.685460568599999931e-01
8.035165371410000201e-01
9.506375115640000040e-01
1.235926213159999953e+00
1.488457878359999986e+00
1.679419090429999928e+00
1.739095031019999960e+00
1.568599449679999980e+00
1.266476696210000030e+00
9.845837640850000350e-01
7.039029696409999648e-01
6.098551104170000237e-01
5.700901634520000316e-01
5.579040502540000279e-01
5.621161276370000293e-01
6.204090285790000436e-01
8.238731952700000249e-01
1.107265125879999923e+00
1.032743091599999996e+00
8.511926709029999927e-01
8.194594759319999699e-01
8.140265678829999851e-01
7.997394583200000406e-01
7.762953874029999701e-01
7.685460568599999931e-01
8.035165371410000201e-01
9.506375115640000040e-01
1.235926213159999953e+00
1.488457878359999986e+00
1.679419090429999928e+00
1.739095031019999960e+00
1.568599449679999980e+00
1.263939139409999912e+00
9.832183795240000412e-01
7.008513353540000157e-01
6.071363072850000098e-01
5.716343309670000039e-01
5.736932175579999571e-01
5.822987272670000491e-01
6.422089666310000222e-01
8.503582165459999676e-01
1.123546366920000095e+00
1.044630411860000052e+00
8.608678929190000106e-01
8.282504455679999822e-01
8.140265678829999851e-01
7.997394583200000406e-01
7.762953874029999701e-01
7.685460568599999931e-01
8.035165371410000201e-01
9.506375115640000040e-01
1.235926213159999953e+00
1.488457878359999986e+00
1.679419090429999928e+00
1.739095031019999960e+00
1.568599449679999980e+00
1.271668953799999890e+00
1.001003314100000097e+00
7.170951769779999596e-01
6.223576080170000191e-01
5.856518522920000080e-01
5.701273462379999879e-01
5.793830936170000223e-01
6.247801381530000420e-01
8.307672466159999880e-01
1.112970051900000090e+00
1.038014613030000088e+00
8.552631413290000539e-01
8.234393619500000039e-01
8.140265678829999851e-01
7.997394583200000406e-01
7.762953874029999701e-01
7.685460568599999931e-01
8.035165371410000201e-01
9.506375115640000040e-01
1.235926213159999953e+00
1.488457878359999986e+00
1.679419090429999928e+00
1.739095031019999960e+00
1.568599449679999980e+00
1.260750330020000032e+00
9.604912452739999829e-01
6.627918878920000534e-01
5.632884671060000015e-01
5.180798481389999877e-01
5.157517483579999729e-01
5.206840752229999758e-01
5.749442414590000272e-01
7.762024041220000337e-01
1.069495535179999957e+00
1.012169179490000070e+00
8.538424046610000318e-01
8.415790463179999570e-01
8.416083303600000454e-01
8.207193615860000069e-01
7.933104504569999937e-01
7.805456664590000315e-01
8.139053404280000015e-01
9.577115550760000318e-01
1.247283245410000019e+00
1.490473292709999953e+00
1.684108734959999909e+00
1.745866407460000103e+00
1.578941484980000087e+00
1.280515361239999983e+00
9.894761925730000129e-01
6.948543180539999975e-01
5.906087651170000008e-01
5.412397938949999876e-01
5.323973970569999548e-01
5.467549658210000274e-01
6.072441780539999945e-01
8.269133224210000188e-01
1.139293810999999934e+00
1.067900265550000061e+00
9.010165066940000189e-01
8.838705933289999761e-01
8.894085543899999946e-01
8.488529661239999635e-01
8.198834199179999560e-01
8.076716290350000049e-01
8.405755099959999477e-01
9.865554308120000337e-01
1.271278143380000003e+00
1.522768193899999956e+00
1.713663844620000098e+00
1.773950401350000039e+00
1.604206307149999899e+00
1.291682006080000056e+00
9.931341995519999966e-01
6.895579626469999779e-01
5.861815710690000403e-01
5.381485218610000398e-01
5.311220661209999916e-01
5.365276269830000500e-01
5.941236488140000382e-01
7.947039551479999631e-01
1.108924192829999988e+00
1.042518696229999930e+00
8.751150285240000271e-01
8.487204348260000142e-01
8.665153274019999907e-01
8.475499644109999453e-01
8.198834199179999560e-01
8.076716290350000049e-01
8.405755099959999477e-01
9.865554308120000337e-01
1.271278143380000003e+00
1.522768193899999956e+00
1.713663844620000098e+00
1.773950401350000039e+00
1.604206307149999899e+00
1.289043541939999926e+00
9.760260906100000078e-01
6.580768421070000151e-01
5.421334875140000342e-01
5.014740428459999455e-01
5.122251859219999481e-01
5.251433839960000238e-01
5.870767849269999950e-01
8.008984794479999669e-01
1.096768844380000107e+00
1.044426242639999947e+00
8.951408618320000343e-01
8.961335422999999745e-01
8.867110222089999993e-01
8.492583198169999514e-01
8.039317815769999598e-01
7.839042510820000143e-01
8.168284835179999703e-01
9.651663398709999786e-01
1.269979227909999953e+00
1.515095463820000043e+00
1.713911928349999947e+00
1.791442912740000004e+00
1.621062938229999917e+00
1.324180437100000107e+00
1.036273527210000100e+00
7.396522494939999914e-01
6.389991345640000375e-01
5.909251748060000420e-01
5.910200484859999825e-01
5.953923564909999744e-01
6.558395461220000167e-01
8.671728920419999875e-01
1.169458524299999969e+00
1.074761584470000031e+00
8.867118506800000244e-01
8.704951233550000111e-01
8.425764416480000518e-01
8.161625645879999613e-01
7.762953874029999701e-01
7.685460568599999931e-01
8.035165371410000201e-01
9.506375115640000040e-01
1.236934152109999907e+00
1.488457878359999986e+00
1.687329852349999992e+00
1.758729360780000084e+00
1.608725386639999977e+00
1.323052710480000060e+00
1.045996225249999911e+00
7.565486367860000394e-01
6.559442655410000489e-01
6.048725656600000278e-01
5.979128795889999681e-01
5.996297072209999524e-01
6.509851170979999990e-01
8.531038069880000352e-01
1.137458403139999907e+00
1.060928984950000098e+00
8.816274027530000001e-01
8.555253098180000126e-01
8.340435045420000471e-01
7.997394583200000406e-01
7.762953874029999701e-01
7.685460568599999931e-01
8.035165371410000201e-01
9.506375115640000040e-01
1.236226009299999928e+00
1.488457878359999986e+00
1.682979502590000065e+00
1.750747650359999907e+00
1.598497277209999901e+00
1.304647109170000041e+00
1.020339791420000086e+00
7.244080466150000230e-01
6.155161955750000358e-01
5.673872462540000550e-01
5.612916597670000174e-01
5.663667787339999871e-01
6.249560073650000103e-01
8.292084021369999780e-01
1.133144011269999973e+00
1.047140956600000061e+00
8.623911310030000221e-01
8.382400117089999769e-01
8.202519139899999701e-01
7.997394583200000406e-01
7.762953874029999701e-01
7.685460568599999931e-01
8.035165371410000201e-01
9.506375115640000040e-01
1.235926213159999953e+00
1.488457878359999986e+00
1.679419090429999928e+00
1.744192317260000014e+00
1.591952120620000022e+00
1.310148943910000030e+00
1.032212623379999972e+00
7.447232014460000160e-01
6.450981749890000172e-01
6.005298041900000161e-01
5.941526494159999894e-01
5.902561896560000188e-01
6.542227154269999456e-01
8.478141811899999603e-01
1.138746168820000015e+00
1.057647231840000090e+00
8.760875765079999544e-01
8.475109652500000257e-01
8.259397939949999490e-01
7.997394583200000406e-01
7.762953874029999701e-01
7.685460568599999931e-01
8.035165371410000201e-01
9.506375115640000040e-01
1.235926213159999953e+00
1.488457878359999986e+00
1.679419090429999928e+00
1.739095031019999960e+00
1.575164397380000025e+00
1.285905891070000084e+00
1.006023805020000106e+00
7.112223765670000475e-01
6.181847255269999897e-01
5.693247711350000184e-01
5.627324013929999591e-01
5.671816592830000170e-01
6.241993425970000509e-01
8.249298373750000302e-01
1.129838842929999920e+00
1.066321053270000041e+00
8.973561629970000508e-01
8.768130011039999561e-01
8.665153274019999907e-01
8.475499644109999453e-01
8.198834199179999560e-01
8.076716290350000049e-01
8.405755099959999477e-01
9.865554308120000337e-01
1.271278143380000003e+00
1.522768193899999956e+00
1.713663844620000098e+00
1.773950401350000039e+00
1.604206307149999899e+00
1.293253921110000038e+00
1.000038432320000004e+00
7.054171140930000083e-01
6.085391832869999629e-01
5.686472625409999537e-01
5.638118111440000302e-01
5.739060017020000126e-01
6.376141261119999681e-01
8.552973960299999900e-01
1.168778235140000010e+00
1.095273395059999988e+00
9.259737082119999796e-01
9.002454702180000545e-01
8.834120558479999774e-01
8.494607350580000160e-01
8.215494769700000255e-01
8.103956151129999563e-01
8.445817848600000177e-01
9.917207076570000446e-01
1.284207063290000006e+00
1.531685699929999922e+00
1.722175151789999914e+00
1.785146191890000011e+00
1.624199345769999914e+00
1.317070403890000074e+00
1.015319851829999953e+00
7.074487022980000539e-01
5.930986124439999729e-01
5.411069005799999942e-01
5.326523337090000032e-01
5.340707502529999928e-01
5.880985342190000464e-01
7.835340873439999854e-01
1.087212512730000080e+00
1.025951658020000101e+00
8.739345066150000507e-01
8.639767197450000102e-01
8.772078156899999479e-01
8.624047051619999626e-01
8.369371359180000081e-01
8.258925713750000508e-01
8.595005433929999716e-01
1.003325141159999934e+00
1.300800407010000104e+00
1.533932159149999919e+00
1.718538501540000096e+00
1.779798290880000078e+00
1.613036222949999932e+00
1.313644949219999969e+00
1.021832916049999929e+00
7.214677051219999804e-01
6.120046700250000304e-01
5.598507870109999951e-01
5.514177988489999960e-01
5.528716812359999455e-01
6.057217424569999453e-01
8.019361651919999501e-01
1.108995804300000110e+00
1.044507730859999928e+00
8.887280879700000247e-01
8.896914855430000379e-01
8.864498311559999566e-01
8.627600410760000171e-01
8.327059817569999467e-01
8.029542298490000007e-01
8.257398904380000015e-01
9.741866659150000274e-01
1.271807146580000047e+00
1.524011419380000065e+00
1.722025786849999962e+00
1.785564054139999968e+00
1.623356129010000037e+00
1.327839249039999947e+00
1.037743008819999924e+00
7.439316477430000241e-01
6.428555035899999881e-01
5.934568208429999991e-01
5.859210598840000062e-01
5.900481792170000350e-01
6.473679081550000047e-01
8.401348306420000078e-01
1.138592511829999987e+00
1.069317760099999903e+00
8.944392871490000063e-01
9.022295651080000090e-01
8.832125939149999549e-01
8.602924567120000532e-01
8.344092275990000473e-01
8.254328681550000546e-01
8.556320457810000502e-01
1.006820989930000021e+00
1.309739768190000042e+00
1.550149261370000087e+00
1.741423234290000011e+00
1.804786805870000066e+00
1.640385142139999974e+00
1.341721104499999928e+00
1.051348393530000092e+00
7.513210748809999728e-01
6.478885737420000401e-01
5.985560273029999490e-01
5.889196750559999582e-01
5.968894997039999595e-01
6.503925771490000063e-01
8.420096398399999904e-01
1.146257344249999921e+00
1.070123928509999933e+00
9.034474885009999845e-01
9.033703909320000003e-01
8.910311164219999469e-01
8.681133828589999712e-01
8.338616019960000125e-01
8.225156082279999614e-01
8.560549239260000220e-01
1.007647452739999894e+00
1.312243858660000040e+00
1.544408938389999930e+00
1.730510135969999919e+00
1.793344304349999918e+00
1.627548215500000062e+00
1.327413558910000013e+00
1.038159956799999950e+00
7.365561314109999591e-01
6.277952864479999784e-01
5.782684528100000554e-01
5.730289627189999457e-01
5.812505301829999915e-01
6.350220245350000070e-01
8.277256230039999885e-01
1.133477063329999979e+00
1.065047423090000001e+00
9.081813696980000072e-01
9.119610700700000461e-01
9.149893760389999908e-01
8.921339958020000349e-01
8.648419711670000121e-01
8.551253145139999789e-01
8.898872183939999791e-01
1.033624062389999931e+00
1.339811198120000046e+00
1.567111612019999933e+00
1.750534592750000007e+00
1.808886491159999999e+00
1.641088733789999976e+00
1.339128732540000088e+00
1.047240632340000088e+00
7.477413559829999556e-01
6.417066528560000371e-01
5.878316586459999549e-01
5.742419044859999877e-01
5.768795704710000249e-01
6.325295336639999988e-01
8.322592946119999890e-01
1.151793681200000030e+00
1.099839938329999933e+00
9.419487642330000021e-01
9.610597931069999600e-01
9.562236866479999486e-01
9.389688998749999849e-01
9.037065368300000179e-01
8.755933875110000209e-01
9.066723370089999623e-01
1.053612252380000003e+00
1.356516214360000028e+00
1.591853291030000062e+00
1.782564092279999901e+00
1.845756413379999961e+00
1.680527610740000011e+00
1.375537876629999934e+00
1.072594285110000101e+00
7.683117160760000175e-01
6.619477912110000029e-01
6.078644906819999916e-01
5.945216648869999787e-01
5.961095693429999676e-01
6.529906432559999807e-01
8.536743736620000522e-01
1.175731402260000058e+00
1.116523289539999908e+00
9.714081444109999852e-01
9.944337220250000220e-01
9.903343948249999640e-01
9.684941324970000043e-01
9.404550600600000143e-01
9.290461344520000164e-01
9.539579047649999755e-01
1.095939227739999966e+00
1.374623132820000038e+00
1.641909088950000095e+00
1.806507316190000045e+00
1.857433366580000023e+00
1.683747876239999997e+00
1.372617622980000007e+00
1.071263958629999902e+00
7.618966030299999526e-01
6.459942607219999466e-01
5.938287155589999644e-01
5.851466486099999864e-01
5.846322192839999987e-01
6.422536026280000199e-01
8.477193872930000040e-01
1.141589600449999908e+00
1.083365278820000110e+00
9.185645081859999950e-01
9.177390661930000526e-01
9.107951829299999469e-01
8.952509104410000251e-01
8.481646797540000060e-01
8.244464851780000103e-01
8.560990823790000093e-01
1.005841928850000011e+00
1.325171564239999933e+00
1.562809072709999914e+00
1.757874733450000004e+00
1.828140611770000090e+00
1.668987982730000041e+00
1.369813163789999955e+00
1.078970932919999903e+00
7.796328688660000283e-01
6.723550024109999912e-01
6.225642117009999588e-01
6.137045604569999480e-01
6.148254998009999861e-01
6.650721872120000100e-01
8.575556652460000207e-01
1.158283385420000089e+00
1.093221475170000012e+00
9.303636172120000047e-01
9.271165448429999900e-01
9.101654149750000311e-01
8.952436844569999774e-01
8.728585820369999526e-01
8.532318466789999833e-01
8.939309008250000410e-01
1.035484914750000041e+00
1.344426193759999943e+00
1.577372678589999966e+00
1.767762083660000094e+00
1.837031649240000064e+00
1.675553023099999983e+00
1.372633020090000100e+00
1.081146828310000085e+00
7.819919020990000469e-01
6.740185601260000325e-01
6.243193118909999839e-01
6.167146838100000528e-01
6.177926579100000426e-01
6.783242878149999822e-01
8.708039226310000380e-01
1.169147992769999922e+00
1.105321655810000081e+00
9.402575643739999878e-01
9.434230498690000521e-01
9.182286667510000111e-01
8.725749625690000233e-01
8.307951175609999961e-01
8.096582904500000399e-01
8.443211376300000515e-01
9.956602798350000505e-01
1.313991272990000070e+00
1.556186400659999913e+00
1.751018630749999971e+00
1.821225141420000027e+00
1.662302795470000039e+00
1.370765981449999948e+00
1.084187699349999923e+00
7.881171024790000201e-01
6.787809413219999533e-01
6.279611733169999654e-01
6.201627691969999745e-01
6.192845510940000464e-01
6.731937117709999585e-01
8.645867398919999669e-01
1.160791291030000005e+00
1.097805451799999998e+00
9.329349162729999589e-01
9.208803730660000131e-01
9.004481581529999445e-01
8.539881707130000388e-01
8.113273941640000153e-01
8.109694661249999825e-01
8.350655380639999681e-01
9.819069582920000316e-01
1.284537581669999984e+00
1.528105765510000102e+00
1.720907419250000014e+00
1.784914091949999948e+00
1.635769888130000016e+00
1.346573126670000065e+00
1.058751470550000073e+00
7.681728575749999788e-01
6.658531229880000346e-01
6.213822243050000083e-01
6.164274828439999521e-01
6.273098074309999550e-01
6.791386076290000240e-01
8.724799464350000422e-01
1.175513287830000086e+00
1.099598191829999960e+00
9.074671789949999567e-01
8.885782876659999996e-01
8.616026592940000395e-01
8.315812103899999919e-01
7.892874264720000088e-01
7.709033704219999672e-01
8.074208924410000154e-01
9.610421026050000037e-01
1.276720539370000074e+00
1.520217598969999973e+00
1.718409104010000021e+00
1.798054446529999906e+00
1.646753381179999920e+00
1.358602886689999956e+00
1.078112130799999901e+00
7.941994136200000165e-01
6.935947387690000188e-01
6.493679623860000305e-01
6.482790432720000329e-01
6.513977684859999506e-01
7.080523025229999989e-01
9.302931991139999912e-01
1.240330339710000063e+00
1.161734823600000022e+00
9.778804520349999585e-01
9.580761662529999612e-01
9.287260748810000077e-01
8.859499593949999863e-01
8.402116915609999515e-01
8.199121606350000535e-01
8.563051285610000507e-01
1.008442141930000036e+00
1.327881288349999966e+00
1.573459181650000094e+00
1.778507232339999966e+00
1.850197457880000007e+00
1.689527651509999950e+00
1.376519627520000011e+00
1.076169609459999954e+00
7.691894661999999494e-01
7.761525475649999617e-01
6.669100412349999729e-01
6.110654797579999631e-01
5.995425775599999563e-01
6.009699900280000007e-01
6.553972600770000545e-01
8.548924983290000501e-01
1.160354581600000046e+00
1.110139280450000099e+00
9.657526426629999827e-01
9.790401797800000194e-01
9.698723121460000041e-01
9.438421179160000341e-01
9.122497142050000063e-01
9.017345967880000535e-01
9.327305251980000378e-01
1.079470655990000028e+00
1.380977088240000095e+00
1.609970331350000006e+00
1.793849822879999945e+00
1.859701404920000023e+00
1.687460860679999897e+00
1.378870343280000021e+00
1.074738064309999963e+00
7.591321654949999553e-01
6.496078120920000254e-01
5.962647698499999871e-01
5.855363686429999603e-01
5.815281516550000473e-01
6.358863179020000089e-01
8.364351192129999557e-01
1.131066967680000035e+00
1.069252542349999890e+00
9.122035367999999922e-01
9.034235243089999701e-01
9.324230249670000248e-01
9.017124702890000343e-01
8.625063887710000543e-01
8.757242321870000179e-01
9.071256193960000047e-01
1.059889100119999927e+00
1.368984497740000084e+00
1.619281777789999932e+00
1.786100919439999934e+00
1.847489431160000084e+00
1.678504854740000107e+00
1.381558775240000037e+00
1.095739492909999946e+00
7.978129459660000533e-01
6.896554649970000339e-01
6.322519691629999716e-01
6.214187742919999868e-01
6.235852968049999667e-01
6.733924390719999709e-01
8.687112800249999767e-01
1.178057079360000037e+00
1.093376696980000062e+00
9.194694593909999991e-01
9.173093523730000420e-01
8.969034471619999893e-01
8.726774973299999960e-01
8.624351908590000004e-01
8.539153695640000485e-01
8.876256006749999594e-01
1.044116559189999904e+00
1.368609392169999994e+00
1.602943878849999892e+00
1.800531987240000076e+00
1.866904364680000095e+00
1.707881776410000052e+00
1.415304228159999900e+00
1.131383002510000013e+00
8.413250210320000200e-01
7.334126049110000212e-01
6.884124652790000187e-01
6.860047107190000437e-01
6.889738588189999735e-01
7.455725365399999971e-01
9.114714679609999815e-01
1.157964665760000011e+00
1.112447304840000095e+00
9.625709912709999871e-01
9.668243763930000068e-01
9.340797514409999724e-01
9.198639527749999933e-01
8.962318333530000514e-01
9.070090872139999760e-01
9.977037589480000079e-01
1.288094265470000055e+00
1.799766507590000009e+00
2.051105081139999786e+00
1.955620908400000024e+00
1.870787459570000033e+00
1.713689682390000080e+00
1.405008631969999922e+00
1.115487423250000054e+00
8.218121423209999721e-01
7.058147331099999811e-01
6.521578262899999645e-01
6.430289163250000328e-01
6.432020216079999964e-01
7.007187312329999918e-01
8.635341655649999559e-01
1.137110616830000032e+00
1.103231192600000021e+00
9.846646530970000200e-01
1.011928982529999965e+00
9.780700250060000434e-01
9.572076885339999563e-01
9.226920770740000277e-01
9.254563417700000238e-01
1.009637687019999897e+00
1.304899798059999894e+00
1.823431356730000008e+00
2.069274170189999928e+00
1.981119608750000038e+00
1.907252342710000104e+00
1.753850386439999909e+00
1.449865053749999966e+00
1.163819386639999953e+00
8.775433666240000097e-01
7.672600384879999513e-01
7.175547325450000180e-01
7.007823211879999903e-01
6.907236608429999647e-01
7.397069778449999466e-01
9.214767871179999625e-01
1.155136842629999938e+00
1.128795205300000104e+00
1.005700861070000007e+00
1.027487879359999967e+00
9.935187278420000156e-01
9.820106266350000501e-01
9.552812176439999803e-01
9.623814160620000058e-01
1.054178172389999890e+00
1.336034554640000094e+00
1.838351879089999974e+00
2.084309318549999901e+00
1.984307529120000080e+00
1.898014792509999937e+00
1.737063991809999930e+00
1.431205052039999925e+00
1.154525648579999952e+00
8.708919358179999515e-01
7.569218786529999798e-01
7.117455450409999607e-01
7.091977777360000124e-01
7.072448810910000327e-01
7.623582719939999697e-01
9.615655771379999495e-01
1.196943349499999920e+00
1.141209305609999891e+00
1.014445452649999968e+00
1.027308895390000032e+00
9.958124583359999615e-01
9.672155967490000394e-01
9.337604550900000522e-01
9.351064655370000533e-01
1.031790083650000023e+00
1.333733740820000069e+00
1.878358086330000010e+00
2.128422922740000001e+00
2.043030649249999886e+00
1.965000871710000041e+00
1.808974043469999904e+00
1.495183491309999946e+00
1.196769539359999968e+00
8.951245750709999616e-01
7.811237971009999947e-01
7.301197741670000241e-01
7.212573508070000416e-01
7.261431261970000550e-01
7.802482463480000519e-01
9.492547111550000416e-01
1.204338561889999992e+00
1.159112374000000001e+00
1.024016306939999899e+00
1.037861583280000000e+00
1.008540253500000095e+00
9.795083201249999982e-01
9.344473138550000169e-01
9.372617383419999948e-01
1.037397754959999974e+00
1.344187751230000005e+00
1.874681874299999995e+00
2.124428743410000209e+00
2.037192386140000089e+00
1.956227367939999962e+00
1.803219662839999904e+00
1.491262180479999921e+00
1.188905675770000059e+00
8.817626173810000356e-01
7.676334044899999487e-01
7.159648567819999476e-01
7.066616706920000324e-01
7.069469864930000291e-01
7.606458809480000083e-01
9.253632182540000306e-01
1.160236014799999937e+00
1.103634165559999936e+00
9.640174143240000104e-01
9.654350657379999756e-01
9.322719219859999518e-01
8.994773009819999610e-01
8.697532861800000292e-01
8.816024973680000043e-01
9.792541662779999934e-01
1.286098260419999972e+00
1.805732121139999924e+00
2.058618181659999991e+00
1.973707504140000069e+00
1.889707604180000056e+00
1.734086372349999960e+00
1.432994331439999991e+00
1.142388095680000104e+00
8.501801456049999928e-01
7.338745341539999467e-01
6.820789658670000088e-01
6.754446076579999625e-01
6.763281798800000466e-01
7.354096127589999643e-01
9.177883382449999461e-01
1.149159011909999917e+00
1.092801135780000044e+00
9.463835637149999869e-01
9.502122179869999519e-01
9.249820393280000497e-01
8.843001100230000189e-01
8.470099992149999757e-01
8.677036050499999931e-01
9.610659948319999479e-01
1.264072859439999919e+00
1.777844987309999958e+00
2.032282692519999934e+00
1.934187683350000020e+00
1.849790086959999913e+00
1.691487654549999942e+00
1.386503682579999897e+00
1.095808512100000076e+00
8.027920891080000398e-01
6.880498697610000214e-01
6.370099804190000325e-01
6.286012212389999743e-01
6.304509937040000400e-01
6.864589767369999596e-01
8.504881752880000256e-01
1.098675291900000017e+00
1.070143124509999932e+00
9.375209166510000136e-01
9.228022263690000004e-01
9.066123087399999836e-01
8.687126438429999542e-01
8.555978760219999923e-01
8.609015873569999533e-01
9.543012689559999817e-01
1.244613259369999891e+00
1.749560644280000021e+00
2.012474180179999905e+00
1.916729207189999951e+00
1.831261121610000098e+00
1.678858876380000087e+00
1.369587872469999912e+00
1.079602996870000053e+00
7.860918196130000091e-01
6.719305080120000495e-01
6.230880124900000094e-01
6.116449645429999915e-01
6.111898980150000105e-01
6.703964656330000382e-01
8.327081194930000541e-01
1.078998433360000009e+00
1.026853550960000083e+00
8.951187031759999524e-01
9.073983464160000345e-01
9.059000602279999592e-01
8.973152559989999721e-01
8.759252809049999922e-01
8.818186992359999810e-01
9.861228754699999932e-01
1.274076354900000041e+00
1.781422033059999910e+00
2.033133917879999863e+00
1.932580463260000103e+00
1.847026732140000016e+00
1.692608329160000036e+00
1.379167828649999983e+00
1.088279165379999913e+00
7.927080038449999533e-01
6.867931064059999979e-01
6.378754110050000037e-01
6.340701768919999592e-01
6.364091344940000505e-01
6.849878215829999784e-01
8.620191533440000331e-01
1.097752736979999977e+00
1.070693015690000083e+00
9.459632221460000379e-01
9.629628859629999482e-01
9.577951016250000338e-01
9.339824196599999517e-01
9.081021013069999759e-01
9.151748568949999996e-01
1.009155272139999893e+00
1.291802159579999998e+00
1.758225459009999936e+00
2.048916005889999781e+00
1.938245016170000001e+00
1.844831472180000098e+00
1.681867350140000106e+00
1.373225533570000101e+00
1.089416212730000000e+00
7.999101456749999617e-01
6.777831396110000073e-01
6.230983865270000033e-01
6.214848344679999581e-01
6.142181773389999710e-01
6.614948284689999847e-01
8.281022901400000302e-01
1.094150805449999986e+00
1.061317191040000107e+00
9.373132568099999951e-01
9.499830664449999684e-01
9.818609572309999756e-01
9.452798335890000292e-01
9.155083604779999940e-01
9.185947911130000199e-01
1.020360295929999994e+00
1.305546580439999937e+00
1.800604210269999950e+00
2.057979955730000032e+00
1.963048563170000094e+00
1.881322916350000041e+00
1.724975970600000075e+00
1.414483421739999969e+00
1.111857710330000026e+00
8.134628661430000074e-01
7.033665311640000528e-01
6.575565077949999671e-01
6.499787797880000051e-01
6.538387396910000371e-01
7.117295961920000469e-01
8.838051630750000109e-01
1.133530800039999953e+00
1.087633819449999928e+00
9.592847962449999599e-01
9.577080012949999999e-01
9.521707009069999561e-01
9.100712271730000413e-01
8.791810195170000064e-01
8.809681329549999829e-01
9.849489332309999678e-01
1.287939700229999929e+00
1.798581052599999897e+00
2.059164430410000080e+00
1.967596845239999892e+00
1.885799406220000085e+00
1.729672110879999947e+00
1.420584257530000061e+00
1.117926825919999922e+00
8.128251594390000223e-01
6.994213432600000502e-01
6.532504787030000148e-01
6.451720336420000423e-01
6.497493524790000086e-01
7.091447234400000132e-01
8.720894087799999639e-01
1.117677345309999959e+00
1.064057928190000002e+00
9.244733420099999766e-01
9.283283741469999795e-01
9.053016494490000454e-01
8.762909303589999643e-01
8.371183924010000554e-01
8.477433908429999887e-01
9.586112194779999873e-01
1.262620319470000085e+00
1.776827396160000072e+00
2.040300406440000103e+00
1.951741475369999979e+00
1.862928392900000008e+00
1.713635404289999942e+00
1.410658579249999933e+00
1.120326239619999997e+00
8.255224709049999721e-01
7.111935000250000360e-01
6.635473082049999638e-01
6.557882090840000400e-01
6.531003916850000035e-01
7.103040285239999863e-01
8.763628548549999842e-01
1.123902207650000040e+00
1.093149835349999988e+00
9.518860151010000159e-01
9.466647721480000444e-01
9.090023531980000460e-01
8.699065827780000371e-01
8.371084671409999567e-01
8.453577918569999960e-01
9.528943470170000429e-01
1.256448686990000008e+00
1.771585153400000001e+00
2.028578309619999853e+00
1.939160829470000014e+00
1.852871668719999976e+00
1.693087884849999947e+00
1.385998325539999909e+00
1.100085691150000100e+00
8.039830839210000413e-01
6.879192110580000241e-01
6.358437386059999641e-01
6.234639548779999929e-01
6.250562782009999596e-01
6.768308474380000384e-01
8.404040298360000438e-01
1.089760171550000045e+00
1.063326824620000055e+00
9.468686594230000253e-01
9.660037705770000427e-01
9.509151369870000314e-01
9.047370765069999710e-01
8.870278918930000200e-01
8.954910824189999952e-01
9.942078403340000037e-01
1.280247119160000002e+00
1.780529677050000092e+00
2.031011135530000011e+00
1.933158719639999967e+00
1.847547762420000073e+00
1.687911703189999946e+00
1.375372906930000028e+00
1.082847316090000067e+00
7.881157700580000425e-01
6.727878444010000347e-01
6.204802944749999716e-01
6.139475402130000203e-01
6.147573037179999700e-01
6.698946253640000181e-01
8.350102870990000481e-01
1.103818511030000060e+00
1.065232768750000059e+00
9.398664904129999664e-01
9.595748581270000521e-01
9.539532524029999960e-01
9.350830457750000102e-01
9.121686393610000110e-01
9.269778040170000288e-01
1.022927522130000044e+00
1.311521819249999998e+00
1.802433645590000078e+00
2.072460937199999798e+00
1.959289099060000039e+00
1.870464797029999904e+00
1.709371170150000063e+00
1.391398396270000060e+00
1.101445355609999899e+00
8.045042138379999708e-01
6.895280058260000455e-01
6.425638018549999497e-01
6.321558333150000264e-01
6.372013659220000514e-01
6.944006004870000304e-01
8.694558285410000087e-01
1.106646583140000084e+00
1.064855484520000006e+00
9.202059780019999913e-01
9.241136864419999819e-01
9.574358354949999983e-01
9.221119237720000195e-01
8.692209942220000540e-01
8.849112826560000533e-01
9.891927270439999642e-01
1.279620144229999923e+00
1.776013065569999938e+00
2.049932644180000096e+00
1.934188268290000012e+00
1.841792762829999930e+00
1.681756517910000026e+00
1.373291499700000085e+00
1.083119852700000108e+00
7.978348763699999457e-01
6.770390790870000064e-01
6.229216952010000474e-01
6.019412137609999602e-01
6.003524513219999914e-01
6.497316542500000125e-01
8.244032456730000513e-01
1.074390286989999943e+00
1.050757451249999974e+00
9.393583175249999861e-01
9.468687949690000050e-01
9.335297486339999562e-01
8.979134735989999783e-01
8.787528596850000540e-01
8.850494886699999952e-01
9.765900337180000168e-01
1.270753669060000091e+00
1.764734618709999925e+00
2.020792604529999981e+00
1.925143100499999926e+00
1.841556752050000023e+00
1.680695772960000056e+00
1.368998909130000108e+00
1.061665872000000066e+00
7.547179872379999876e-01
6.382475491800000400e-01
5.898399641170000152e-01
5.759091976600000384e-01
5.768038627029999921e-01
6.317487446899999748e-01
8.011555692330000200e-01
1.063854903720000022e+00
1.037433796359999993e+00
9.345591256919999479e-01
9.691164054809999762e-01
9.813325205639999993e-01
9.719336036490000552e-01
9.545154531099999673e-01
9.657904639319999651e-01
1.069069899899999898e+00
1.365042320229999939e+00
1.858618841690000023e+00
2.107803793700000039e+00
2.014587484160000219e+00
1.921222712779999897e+00
1.760772063379999919e+00
1.444581720039999961e+00
1.146232952719999920e+00
8.350134284450000388e-01
7.203896029099999820e-01
6.690730460820000225e-01
6.624849108289999622e-01
6.614945664750000454e-01
7.150761393960000101e-01
8.814115360140000188e-01
1.139897739190000037e+00
1.083955454010000041e+00
9.382697837419999853e-01
9.570349254579999521e-01
9.581041895699999866e-01
9.405739825229999518e-01
9.196168276280000109e-01
9.283346880339999885e-01
1.027144395789999942e+00
1.317041701720000013e+00
1.830574147329999901e+00
2.078055305189999924e+00
1.979038654710000067e+00
1.890374581889999961e+00
1.729777445389999890e+00
1.419328446960000045e+00
1.131533893420000103e+00
8.449105904289999636e-01
7.318404181840000300e-01
6.793372344610000280e-01
6.691565447820000401e-01
6.745596789290000395e-01
7.305483864620000434e-01
8.957128349130000222e-01
1.153402186119999895e+00
1.131225538340000059e+00
1.015464169649999970e+00
1.050213730290000091e+00
1.034660189330000035e+00
1.010808495380000060e+00
9.888783010010000485e-01
9.916538111149999501e-01
1.089472077829999996e+00
1.376033763849999980e+00
1.887945329189999910e+00
2.132437306960000001e+00
2.041456871399999873e+00
1.965081001499999980e+00
1.814623036860000038e+00
1.510135368070000039e+00
1.228851516290000001e+00
9.391359212630000508e-01
8.281967100910000434e-01
7.845792559280000411e-01
7.807660980399999673e-01
7.867751465950000300e-01
8.490538099669999728e-01
1.016749917470000097e+00
1.262046190800000023e+00
1.225832784500000106e+00
1.064687000719999999e+00
1.066752031440000081e+00
1.044479896979999989e+00
1.023679694009999919e+00
9.683428745040000285e-01
9.663670828179999894e-01
1.069658667829999965e+00
1.358493167230000020e+00
1.875083025489999944e+00
2.113209327509999902e+00
2.019144113759999914e+00
1.932926308819999939e+00
1.774282008519999954e+00
1.462825979660000053e+00
1.171055283909999911e+00
8.739305034530000516e-01
7.573786411549999764e-01
7.016001850309999677e-01
6.920255006919999730e-01
6.918661930689999906e-01
7.443790820310000056e-01
9.081124691249999881e-01
1.155514423380000100e+00
1.111085508309999970e+00
1.000552121059999910e+00
1.029953333619999967e+00
9.835110428109999914e-01
9.458630145169999448e-01
9.026306706390000434e-01
9.089908475960000178e-01
1.023105640120000048e+00
1.314630872860000022e+00
1.828411105160000050e+00
2.077624376310000187e+00
1.978166204040000098e+00
1.890453472709999971e+00
1.726986581020000022e+00
1.416543386639999902e+00
1.123315748080000009e+00
8.246109262040000054e-01
7.139581605129999842e-01
6.635216637940000162e-01
6.538237219379999798e-01
6.513205610729999595e-01
7.162840074780000288e-01
8.814354396739999542e-01
1.140945964819999991e+00
1.110056448469999957e+00
1.000615626509999911e+00
1.026126962570000023e+00
1.014038593540000033e+00
9.885849404669999618e-01
9.396072280049999614e-01
9.294960579709999893e-01
1.031983792769999964e+00
1.322745575229999915e+00
1.820316327820000080e+00
2.073285789999999906e+00
1.979469470309999979e+00
1.896482182069999967e+00
1.738006521129999982e+00
1.430672469279999914e+00
1.153168610899999891e+00
8.624370968090000478e-01
7.418156129940000065e-01
6.889842042289999746e-01
6.740254567660000085e-01
6.706861783359999718e-01
7.300365443249999808e-01
8.981779887869999479e-01
1.164139985360000074e+00
1.149528487390000020e+00
1.051240496979999994e+00
1.087879616169999952e+00
1.073900516849999986e+00
1.041733333070000045e+00
1.001722506139999913e+00
1.009265603140000023e+00
1.100105506230000030e+00
1.376737605950000054e+00
1.842418739920000048e+00
2.134104419179999823e+00
2.018771359150000055e+00
1.927738285780000060e+00
1.759158644059999999e+00
1.441699690349999896e+00
1.144575493670000110e+00
8.422101796159999765e-01
7.199094778029999642e-01
6.696853139449999714e-01
6.591434162260000340e-01
6.518844975319999513e-01
7.061822564049999862e-01
8.729861918539999488e-01
1.144362583499999975e+00
1.101568842859999897e+00
9.946429318239999873e-01
1.028212485360000095e+00
1.055363221779999972e+00
1.014634081899999929e+00
9.830673369879999735e-01
9.849577687430000061e-01
1.074002114820000076e+00
1.353621483620000010e+00
1.853462040119999932e+00
2.128754521379999876e+00
2.003634448760000186e+00
1.911532948569999890e+00
1.752390473549999994e+00
1.434550751950000036e+00
1.135896159619999901e+00
8.295253960549999750e-01
7.258925979360000280e-01
6.794341230239999696e-01
6.707159094510000141e-01
6.731773824390000494e-01
7.296728780729999642e-01
9.157439498789999854e-01
1.149420322579999931e+00
1.104964835489999908e+00
9.809144487969999604e-01
9.919100080370000239e-01
9.528970742229999624e-01
9.129154262940000208e-01
8.795674177850000275e-01
8.872390276029999967e-01
9.934584895269999993e-01
1.288055014960000078e+00
1.797399304160000044e+00
2.052656645379999922e+00
1.961352497280000051e+00
1.871822490600000055e+00
1.712757975279999956e+00
1.405188009419999995e+00
1.112622362540000021e+00
8.211581128079999958e-01
7.042049884619999700e-01
6.477799448750000133e-01
6.347323185090000264e-01
6.343104479369999771e-01
6.898425899629999636e-01
8.615188635299999564e-01
1.108343358259999967e+00
1.081528483140000052e+00
9.664676507760000534e-01
9.857222823689999469e-01
9.770647141149999548e-01
9.591850379049999820e-01
9.344432831490000479e-01
9.315465348079999819e-01
1.025763156210000027e+00
1.311134615010000060e+00
1.773701725000000007e+00
2.043436319780000066e+00
1.946029042219999949e+00
1.859330104679999929e+00
1.698057538999999894e+00
1.387133600639999909e+00
1.095566839419999994e+00
7.985745836890000282e-01
6.835390013380000518e-01
6.288560602270000244e-01
6.227046670700000508e-01
6.189722475369999755e-01
6.697003933380000218e-01
8.306864674999999698e-01
1.080524313520000002e+00
1.038865889930000064e+00
9.247879540640000506e-01
9.348449226620000330e-01
9.065933333579999642e-01
8.675249360429999612e-01
8.242317692399999673e-01
8.328621532269999683e-01
9.368218571999999966e-01
1.232693233160000013e+00
1.729126566869999992e+00
1.987690184469999899e+00
1.896094170870000095e+00
1.812302437540000088e+00
1.658381311250000101e+00
1.359458664189999944e+00
1.076534713130000043e+00
7.840006832999999453e-01
6.712689311620000376e-01
6.221608642160000313e-01
6.147362561110000234e-01
6.171119114130000360e-01
6.720118702289999968e-01
8.387320518069999453e-01
1.104625502470000020e+00
1.042822187420000102e+00
8.964935526230000118e-01
8.936946869359999601e-01
8.775443776550000408e-01
8.465989154659999683e-01
8.164656535200000009e-01
8.278329659169999521e-01
9.401628202249999733e-01
1.246242177619999891e+00
1.758364550640000079e+00
2.017547310449999909e+00
1.926297392730000002e+00
1.840229966379999915e+00
1.686256224340000109e+00
1.381841320849999999e+00
1.096694015319999993e+00
8.644982307590000081e-01
7.526708882439999693e-01
7.028409747960000509e-01
6.995018792239999783e-01
7.001095127599999968e-01
7.643982031960000478e-01
9.694507089730000082e-01
1.285843054799999940e+00
1.229163988610000091e+00
1.069878386220000088e+00
1.094497814619999954e+00
1.082263618909999892e+00
1.060661327770000106e+00
1.037588999150000024e+00
1.045343143940000052e+00
1.144291168609999909e+00
1.459416364109999975e+00
2.008959291710000095e+00
2.251534214759999930e+00
2.083941622149999784e+00
1.982364136139999955e+00
1.816193756839999951e+00
1.493532894859999960e+00
1.198860093970000040e+00
8.981298443130000253e-01
7.794809323500000442e-01
7.212533970790000470e-01
7.096514427979999651e-01
7.087739306739999634e-01
7.680814310900000441e-01
9.790452614119999897e-01
1.308569447470000036e+00
1.265033365250000097e+00
1.120939718450000067e+00
1.150892442309999986e+00
1.175716630709999988e+00
1.119982949479999990e+00
1.087938473869999978e+00
1.097822050019999995e+00
1.195368524690000100e+00
1.508538706379999983e+00
2.068891566930000092e+00
2.310472574679999891e+00
2.146392468160000178e+00
2.044457034360000147e+00
1.878992857250000093e+00
1.550329880680000105e+00
1.238185544350000056e+00
9.141794511699999903e-01
7.888766196069999515e-01
7.342924042849999777e-01
7.224874942840000536e-01
7.208332821970000470e-01
7.843855765099999600e-01
1.022048515030000049e+00
1.336923136140000024e+00
1.292888092779999942e+00
1.144048950019999955e+00
1.171052327830000017e+00
1.157497069980000015e+00
1.122759489149999901e+00
1.099801022729999911e+00
1.114502284969999923e+00
1.216668561180000108e+00
1.521589625380000088e+00
2.059247042540000017e+00
2.309315525400000180e+00
2.143936363669999956e+00
2.052896535889999985e+00
1.885344589320000042e+00
1.555847392700000054e+00
1.247973760530000087e+00
9.115344844889999854e-01
7.978409293320000151e-01
7.422487944610000055e-01
7.308280554689999819e-01
7.362286671959999973e-01
7.856923205129999754e-01
9.856050889680000315e-01
1.283313371089999988e+00
1.237113402899999937e+00
1.068461986079999981e+00
1.085125920679999911e+00
1.072268119010000076e+00
1.048210469939999889e+00
1.022546170390000064e+00
1.038579397699999962e+00
1.138026203219999921e+00
1.454538832459999931e+00
2.003586676729999905e+00
2.281352272089999911e+00
2.092940081350000092e+00
1.989438391319999999e+00
1.823885617249999980e+00
1.504234412069999971e+00
1.205658297680000102e+00
8.964114639179999733e-01
7.851986885099999647e-01
7.328608848019999567e-01
7.279219440999999957e-01
7.247144800129999842e-01
7.822957586200000035e-01
9.942760203930000040e-01
1.301388740820000001e+00
1.239422737669999997e+00
1.082206757900000094e+00
1.077454134349999926e+00
1.095950103080000071e+00
1.071334902330000061e+00
1.054854274360000010e+00
1.058538972010000023e+00
1.156747883300000002e+00
1.478962021619999900e+00
2.028849423120000051e+00
2.271576851469999880e+00
2.109324108910000106e+00
2.009479305010000161e+00
1.841731417399999904e+00
1.519345421829999987e+00
1.221553383320000075e+00
9.046773529079999987e-01
7.903885376660000350e-01
7.360761331530000229e-01
7.251558626349999814e-01
7.264839627239999542e-01
8.009894661359999724e-01
1.023255284099999995e+00
1.328573775019999959e+00
1.270820607799999946e+00
1.107774864190000041e+00
1.121464285789999904e+00
1.106359197269999983e+00
1.080126961599999991e+00
1.027619194419999937e+00
1.040174120659999923e+00
1.138991293419999939e+00
1.462540515579999978e+00
2.010332374009999867e+00
2.260630507330000150e+00
2.099350311999999885e+00
1.998618611189999950e+00
1.833625331129999925e+00
1.511434100640000056e+00
1.212944704289999898e+00
8.950048237559999897e-01
7.748561003230000077e-01
7.175444567219999570e-01
7.055634333069999986e-01
6.994180041009999682e-01
7.565454283839999627e-01
9.622139102119999787e-01
1.283686098250000018e+00
1.235198447839999991e+00
1.067738035659999918e+00
1.081874690960000107e+00
1.073696414080000050e+00
1.024977163259999990e+00
1.011517218020000053e+00
1.010828666000000098e+00
1.116509308469999961e+00
1.437371655119999980e+00
1.985863707140000045e+00
2.260150895869999843e+00
2.075826895720000120e+00
1.976392844090000045e+00
1.811694322379999944e+00
1.492292359429999937e+00
1.185610272269999932e+00
8.721566936860000174e-01
7.610032090689999862e-01
7.066075173829999834e-01
6.966084633500000400e-01
6.958960140380000547e-01
7.546533283790000102e-01
9.639959951409999839e-01
1.255020314320000052e+00
1.211722937450000037e+00
1.038440327860000068e+00
1.043762275049999966e+00
1.077857336399999921e+00
1.027983846569999971e+00
1.005468531330000026e+00
9.979774817590000291e-01
1.102953136630000053e+00
1.425860795720000018e+00
1.973542922190000048e+00
2.239961760979999994e+00
2.070735257409999974e+00
1.969782373889999993e+00
1.809823278719999928e+00
1.481300260860000106e+00
1.183536313869999912e+00
8.774246088410000421e-01
7.564867235669999745e-01
6.991352299459999697e-01
6.892806089499999844e-01
6.870099308079999911e-01
7.487875828519999777e-01
9.573666000370000262e-01
1.281107548869999890e+00
1.238918245850000099e+00
1.092551620170000071e+00
1.110786062809999919e+00
1.104574211030000086e+00
1.048552325159999965e+00
1.004063650770000038e+00
1.012388409009999934e+00
1.122357730350000082e+00
1.447985896300000075e+00
1.995479185670000044e+00
2.247447213580000103e+00
2.086259667219999780e+00
1.989280954989999906e+00
1.828558888389999915e+00
1.497818918199999905e+00
1.189084340510000004e+00
8.604414032339999796e-01
7.361702300389999509e-01
6.745542541989999474e-01
6.586853853390000069e-01
6.552943358480000091e-01
7.164848061270000512e-01
9.325296562610000395e-01
1.233816300280000000e+00
1.203741147879999973e+00
1.042973245990000075e+00
1.031895174339999999e+00
1.029231734829999967e+00
9.833016526379999567e-01
9.406709492710000342e-01
9.545209558710000541e-01
1.064642433149999956e+00
1.393706816579999952e+00
1.932551828160000040e+00
2.196463270240000210e+00
2.035571674339999859e+00
1.940022836710000087e+00
1.775677881490000054e+00
1.450163203260000033e+00
1.138342746079999968e+00
8.105596998040000001e-01
6.948914827650000126e-01
6.388570755779999777e-01
6.276665904939999763e-01
6.245312701670000521e-01
6.829381681430000128e-01
8.884033154279999955e-01
1.192086419450000045e+00
1.155724088859999998e+00
9.976117424079999907e-01
9.917164981199999563e-01
9.644336376080000495e-01
9.328778138109999896e-01
9.020292739580000330e-01
9.179422113090000002e-01
1.041499280910000103e+00
1.376629693149999945e+00
1.943657510950000056e+00
2.201988974159999835e+00
2.046775351920000041e+00
1.955936084780000028e+00
1.799613089599999993e+00
1.482937402739999966e+00
1.192372739100000079e+00
8.869664443139999577e-01
7.778266930189999817e-01
7.266671466180000261e-01
7.204162510360000438e-01
7.208051428080000100e-01
7.886221163290000336e-01
1.012052691500000101e+00
1.296117036390000088e+00
1.222723720300000094e+00
1.035663192169999913e+00
1.022687510109999920e+00
9.979759822470000152e-01
9.646430903120000178e-01
9.351184659500000329e-01
9.484991881600000063e-01
1.064794682070000054e+00
1.396563034339999954e+00
1.950360228759999925e+00
2.210255867589999923e+00
2.055632174439999904e+00
1.957202107080000086e+00
1.793679160629999991e+00
1.469390419540000048e+00
1.173809894649999963e+00
8.614561291740000515e-01
7.428144242459999713e-01
6.878032018070000531e-01
6.788221409469999967e-01
6.784946028730000078e-01
7.424642562679999447e-01
9.573122630970000158e-01
1.251340247809999973e+00
1.185374005919999973e+00
9.966451466140000548e-01
9.872002608609999896e-01
9.646304456280000439e-01
9.334656298469999891e-01
9.007105403370000429e-01
9.148079772799999621e-01
1.034518610319999921e+00
1.365724765019999953e+00
1.915739788300000024e+00
2.177561558179999857e+00
2.019624292790000109e+00
1.926727586309999962e+00
1.766450591339999932e+00
1.448613023959999913e+00
1.152696437769999971e+00
8.392276087159999953e-01
7.226342129759999455e-01
6.684678880069999662e-01
6.706359398019999807e-01
6.677977702649999792e-01
7.283100310800000310e-01
9.292301788989999478e-01
1.233810536670000069e+00
1.178497968380000094e+00
9.926829594339999785e-01
1.006400580990000071e+00
1.009609558550000008e+00
9.876573950820000114e-01
9.719829874380000456e-01
9.881066802100000324e-01
1.093092125369999890e+00
1.415012408770000008e+00
1.951708863919999981e+00
2.206174730459999900e+00
2.046414560780000169e+00
1.947156377260000015e+00
1.780405030789999898e+00
1.460496206419999998e+00
1.163457318020000075e+00
8.481861411100000137e-01
7.349847235950000002e-01
6.794391470549999701e-01
6.704600954739999841e-01
6.697268572610000081e-01
7.347171531020000312e-01
9.571041063190000031e-01
1.252365710479999894e+00
1.187274974279999951e+00
9.990766155160000217e-01
9.906862504300000261e-01
9.653255341390000188e-01
9.288073370599999601e-01
8.985513518190000326e-01
9.128959793719999549e-01
1.041377315929999936e+00
1.378409877589999999e+00
1.943868615470000005e+00
2.202180995269999997e+00
2.049618192280000084e+00
1.958975619679999891e+00
1.797151885099999902e+00
1.483360841929999951e+00
1.186646323730000008e+00
8.820869691060000406e-01
7.623018360569999707e-01
7.147678429249999521e-01
7.053005216950000156e-01
7.047181701310000213e-01
7.683464986879999792e-01
9.787005108230000250e-01
1.306032362310000083e+00
1.244885784040000054e+00
1.065036749329999921e+00
1.058689904510000002e+00
1.034751965309999910e+00
9.936498785220000407e-01
9.547997243810000256e-01
9.679058931820000433e-01
1.091255120740000084e+00
1.424505308559999905e+00
1.978315816230000079e+00
2.234791251889999941e+00
2.078120551990000120e+00
1.985643306420000087e+00
1.825858157479999910e+00
1.500477066930000047e+00
1.189252812969999962e+00
8.678274465830000395e-01
7.484739293759999912e-01
6.944417685570000165e-01
6.845279681629999891e-01
6.837878678009999822e-01
7.478325643550000068e-01
9.693675297360000442e-01
1.285403311959999906e+00
1.223839432109999903e+00
1.044531074650000058e+00
1.034789902480000023e+00
1.013623621550000076e+00
9.796146438410000545e-01
9.460656534750000457e-01
9.575398869569999860e-01
1.093376309029999938e+00
1.429781246789999960e+00
1.996895200820000049e+00
2.256338529939999837e+00
2.102825747299999826e+00
2.011017166949999879e+00
1.854240172449999946e+00
1.530077769120000042e+00
1.221833757480000004e+00
8.930059729849999517e-01
7.711943501160000158e-01
7.116501336549999612e-01
7.001269509109999678e-01
6.972860569719999679e-01
7.572412853190000348e-01
9.674244505669999938e-01
1.259299377769999895e+00
1.193477610149999979e+00
1.005859314020000062e+00
9.935364592319999577e-01
9.676971709880000105e-01
9.358166634640000536e-01
9.125806260130000513e-01
9.287850784150000205e-01
1.045397808559999975e+00
1.385710540050000050e+00
1.940852479919999984e+00
2.199726673789999865e+00
2.043328151889999944e+00
1.948425949820000058e+00
1.786567845690000045e+00
1.467920235360000047e+00
1.175325725400000021e+00
8.655742523460000504e-01
7.492601717260000127e-01
6.952563119239999478e-01
6.881174898120000494e-01
6.856655516720000509e-01
7.462671317229999657e-01
9.611923041409999868e-01
1.266548413520000027e+00
1.198075925950000009e+00
1.010231208690000049e+00
9.996956678249999673e-01
1.013537852420000052e+00
9.973821352230000103e-01
9.830601975980000073e-01
9.942847543689999901e-01
1.094857820949999949e+00
1.424663664819999953e+00
1.965058870340000041e+00
2.228148223379999848e+00
2.061357702960000093e+00
1.970889141700000069e+00
1.814307838990000032e+00
1.496991211969999958e+00
1.201764988279999891e+00
8.982345712870000165e-01
7.773159977150000399e-01
7.222021889899999936e-01
7.146206653759999972e-01
7.168309352089999864e-01
7.797511311350000529e-01
9.801446600490000272e-01
1.280607982180000048e+00
1.227621549640000032e+00
1.062215594970000065e+00
1.056571580219999973e+00
1.026663963589999895e+00
1.003363900839999934e+00
9.653297365720000522e-01
9.774869613750000186e-01
1.096960777809999898e+00
1.429137745360000045e+00
1.991831859839999996e+00
2.245348523350000125e+00
2.088124895970000061e+00
1.992376504030000106e+00
1.834101393130000091e+00
1.516854845139999908e+00
1.221272719309999921e+00
9.100301719450000215e-01
8.030456972670000360e-01
7.385584895079999601e-01
7.247224765099999910e-01
7.201342944530000345e-01
7.872475862960000015e-01
9.902731418950000419e-01
1.306012435590000020e+00
1.255812142519999952e+00
1.070309195509999922e+00
1.067610893639999947e+00
1.061078181050000069e+00
1.049655256609999920e+00
1.005472547020000107e+00
1.012308024129999984e+00
1.122899652549999905e+00
1.443164993019999898e+00
2.000028166829999954e+00
2.251608131589999839e+00
2.089569464739999827e+00
1.992034264339999972e+00
1.833016201590000005e+00
1.510464293400000102e+00
1.213367100679999977e+00
8.741593144239999669e-01
7.724774433629999493e-01
7.241335384979999956e-01
7.208154644219999518e-01
7.127680717330000526e-01
7.675340191730000150e-01
9.547374173189999702e-01
1.193720391330000075e+00
1.086765076080000059e+00
8.696660723389999514e-01
8.316510721119999561e-01
7.956328071460000428e-01
7.758660837659999698e-01
7.616695080559999775e-01
8.036755761830000067e-01
9.369401694740000508e-01
1.276614437119999890e+00
1.848161546160000057e+00
2.105284583700000045e+00
1.949611826639999990e+00
1.858498864239999993e+00
1.705154919179999951e+00
1.430858782400000084e+00
1.202056089809999895e+00
9.316188770240000361e-01
8.302087531790000030e-01
7.834205153809999933e-01
7.853587361830000058e-01
7.764233460199999604e-01
8.276856761499999937e-01
1.012030961120000017e+00
1.244212062549999942e+00
1.142972281880000107e+00
9.192732835989999574e-01
9.116457317939999916e-01
8.859720891300000289e-01
8.829799254939999509e-01
8.728174656530000020e-01
9.014339573009999551e-01
1.011531563249999932e+00
1.334080449120000011e+00
1.887485828089999984e+00
2.165336989340000073e+00
1.967445539559999901e+00
1.862079596020000061e+00
1.699633088919999979e+00
1.414726583600000032e+00
1.176108073400000009e+00
9.064339762459999728e-01
8.014243124959999909e-01
7.504314145670000213e-01
7.485447069149999688e-01
7.367881727830000171e-01
7.872278664130000214e-01
9.622678150260000063e-01
1.216912429670000018e+00
1.121661247660000083e+00
8.941152790170000531e-01
8.771504629270000519e-01
8.571603208629999804e-01
8.554706730800000214e-01
8.415612276030000061e-01
8.701389608030000167e-01
9.838855010239999643e-01
1.305593655010000020e+00
1.854711618250000082e+00
2.102257449530000155e+00
1.933486810620000051e+00
1.831843448749999936e+00
1.664973121919999910e+00
1.380676081979999914e+00
1.141842438230000090e+00
8.684420953060000281e-01
7.605462606370000378e-01
7.071924503440000231e-01
7.028115851449999729e-01
6.943730535950000116e-01
7.474805112110000094e-01
9.315011458170000536e-01
1.186389041109999987e+00
1.077291289749999992e+00
8.468287214109999628e-01
8.351130442549999922e-01
8.241340661249999533e-01
8.271623319099999927e-01
8.192171334950000272e-01
8.537605648339999798e-01
9.659310168320000001e-01
1.289279037900000091e+00
1.834953631549999908e+00
2.111549009380000008e+00
1.918089407220000098e+00
1.814346667359999943e+00
1.647601947639999898e+00
1.359986413209999911e+00
1.119633685389999966e+00
8.761987092080000261e-01
7.602187967879999730e-01
7.055018203949999789e-01
6.924880844359999621e-01
6.939092340520000013e-01
7.532437520039999557e-01
9.560222631589999631e-01
1.263235472799999926e+00
1.213442256180000012e+00
1.021403238990000073e+00
1.010440584829999988e+00
1.012816270150000086e+00
9.844945543869999538e-01
9.347242797450000529e-01
9.454470469639999486e-01
1.062240987110000034e+00
1.395915540979999925e+00
1.948347897609999935e+00
2.208202234649999873e+00
2.051494118549999968e+00
1.955724300380000003e+00
1.809019317980000041e+00
1.503133336769999939e+00
1.216944660830000080e+00
9.152322742899999808e-01
8.096017658709999676e-01
7.510202852430000187e-01
7.291372300289999941e-01
7.236809820720000452e-01
7.814867178879999488e-01
9.833678829869999527e-01
1.284058001170000018e+00
1.220863313569999997e+00
1.041276782069999962e+00
1.016933089699999959e+00
9.873349337040000506e-01
9.532756026890000234e-01
9.156140855559999903e-01
9.291138628880000194e-01
1.053312343830000053e+00
1.396634602700000061e+00
1.974633265550000072e+00
2.231709652780000219e+00
2.073703759829999882e+00
1.982715752779999896e+00
1.832263898919999967e+00
1.510232377349999933e+00
1.213674524940000055e+00
9.005241471279999965e-01
7.833069851499999681e-01
7.268693597969999587e-01
7.181996084380000145e-01
7.149017524049999794e-01
7.752330115959999990e-01
9.784561121720000143e-01
1.280192683949999966e+00
1.219935093899999989e+00
1.035289831740000110e+00
1.019969985809999979e+00
9.951576060079999619e-01
9.583063784259999718e-01
9.225874483670000181e-01
9.390493073310000050e-01
1.063306838849999991e+00
1.398565180979999933e+00
1.958691323510000082e+00
2.217291210089999964e+00
2.056386259439999975e+00
1.961861575149999926e+00
1.801754439810000052e+00
1.485724518210000067e+00
1.183012009420000066e+00
8.677277498140000267e-01
7.519237926809999584e-01
6.981378890080000010e-01
6.899902008520000241e-01
6.897054642709999905e-01
7.434672326660000108e-01
9.465289187980000518e-01
1.260959394509999942e+00
1.210332910540000029e+00
1.031984445770000036e+00
1.035542775009999916e+00
1.043455030050000065e+00
1.020606356290000072e+00
1.009726325359999954e+00
1.027740666939999992e+00
1.134313421619999929e+00
1.456013016310000019e+00
2.011015210410000087e+00
2.257923565520000064e+00
2.096689581010000136e+00
1.996699360390000066e+00
1.828782768990000029e+00
1.505469941869999939e+00
1.206925598740000050e+00
9.004138543890000124e-01
7.801597175000000162e-01
7.195183463400000035e-01
7.092863697600000350e-01
7.084378010920000523e-01
7.702276204560000172e-01
9.794982314889999486e-01
1.296512660369999903e+00
1.261054666089999943e+00
1.111257545199999974e+00
1.130681206320000021e+00
1.102156018060000076e+00
1.079142443220000080e+00
1.024655822349999967e+00
1.021153603929999987e+00
1.131748317320000030e+00
1.452862626880000008e+00
2.003744250390000037e+00
2.264281903900000170e+00
2.117797557489999871e+00
2.021970486119999855e+00
1.859070911189999897e+00
1.530607219690000020e+00
1.222509414839999975e+00
9.027209764529999791e-01
7.900606257979999603e-01
7.375829181730000350e-01
7.286177920490000126e-01
7.312609287919999979e-01
7.943290766149999627e-01
1.022627448820000007e+00
1.336685463120000028e+00
1.292542248319999976e+00
1.138176036399999980e+00
1.159223483269999910e+00
1.151218472270000071e+00
1.122149308200000029e+00
1.092338445800000057e+00
1.092073816120000096e+00
1.192954918070000092e+00
1.508544538029999993e+00
2.055591833869999885e+00
2.301332724739999946e+00
2.135941465520000193e+00
2.033118774890000147e+00
1.870023307380000110e+00
1.543626812190000086e+00
1.230495299320000013e+00
